Date,Temperature (°F),Humidity (%),Wind Speed (mph),Pressure (inHg),R0orig,R0alp,R0dlt,R0omi,PCAresult,Total_Arrival,National_Arrival,UV Total Index,male,female,PopulationDensity
2020-03-01,43.9,70.1,12.2,29.0,,,,,,257300.0,145600.0,0.8,0.1154212105686891,0.1465119226521337,2635.0
2020-03-02,42.1,81.7,8.2,29.0,,,,,,228200.0,122500.0,0.6524,0.1154212105686891,0.1465119226521337,2635.0
2020-03-03,41.1,76.8,8.0,29.4,,,,,,181900.0,93000.0,0.5238,0.1154212105686891,0.1465119226521337,2635.0
2020-03-04,40.2,93.5,5.5,29.5,,,,,,167900.0,83200.0,0.4905,0.1154212105686891,0.1465119226521337,2635.0
2020-03-05,42.5,97.0,12.6,29.1,,,,,,205000.0,98400.0,0.1952,0.1154212105686891,0.1465119226521337,2635.0
2020-03-06,41.2,78.4,7.2,29.4,,,,,,235300.0,102700.0,0.7714,0.1154212105686891,0.1465119226521337,2635.0
2020-03-07,43.6,89.0,8.0,29.8,,,,,,225100.0,125100.0,0.6,0.1154212105686891,0.1465119226521337,2635.0
2020-03-08,48.7,82.1,14.1,29.5,,,,,,246600.0,150100.0,0.5619,0.1154212105686891,0.1465119226521337,2635.0
2020-03-09,45.4,82.0,11.8,29.6,,,,,,217000.0,126300.0,0.5905,0.1154212105686891,0.1465119226521337,2635.0
2020-03-10,53.1,96.9,14.4,29.5,,,,,,187900.0,98500.0,0.8714,0.1154212105686891,0.1465119226521337,2635.0
2020-03-11,51.9,88.9,13.3,29.6,1.0000000148529775,,,,,,,,0.1154212105686891,0.1465119226521337,2635.0
2020-03-12,45.2,68.1,15.5,29.6,89.75485978917374,,,,,184200.0,96700.0,0.9824,0.1154212105686891,0.1465119226521337,2635.0
2020-03-13,46.5,69.8,11.1,29.8,38.854795946182215,,,,,195200.0,104200.0,0.9273,0.1154212105686891,0.1465119226521337,2635.0
2020-03-14,48.2,88.4,8.9,29.7,1.000000044558934,,,,,192200.0,125800.0,0.8773,0.1154212105686891,0.1465119226521337,2635.0
2020-03-15,48.8,86.7,11.9,29.6,1.000000044558934,,,,,201000.0,141400.0,0.2826,0.1154212105686891,0.1465119226521337,2635.0
2020-03-16,45.3,76.6,5.2,29.9,10.506490332632088,,,,,159400.0,112700.0,1.2087,0.1154212105686891,0.1465119226521337,2635.0
2020-03-17,47.1,85.8,8.5,30.1,13.283122148275444,,,,,109500.0,77300.0,0.9,0.1154212105686891,0.1465119226521337,2635.0
2020-03-18,50.9,89.5,9.6,30.1,3.813178256384656,,,,,87000.0,62100.0,0.5522,0.1154212105686891,0.1465119226521337,2635.0
2020-03-19,46.3,97.0,8.6,30.1,4.682266671699543,,,,,80900.0,58500.0,0.2818,0.1154212105686891,0.1465119226521337,2635.0
2020-03-20,45.0,75.0,16.3,30.1,4.621241491385951,,,,,64200.0,46900.0,1.0955,0.1154212105686891,0.1465119226521337,2635.0
2020-03-21,43.8,67.6,14.9,30.1,1.9952731111782327,,,,,51500.0,37000.0,1.2652,0.1154212105686891,0.1465119226521337,2635.0
2020-03-22,42.5,69.1,12.5,30.1,3.274728625200129,,,,,36400.0,23600.0,1.1,0.1154212105686891,0.1465119226521337,2635.0
2020-03-23,41.6,58.9,7.4,30.1,2.8635105820500315,,,,,28000.0,17600.0,1.4542,0.1154212105686891,0.1465119226521337,2635.0
2020-03-24,44.0,57.3,5.9,30.1,3.8787116621478974,,,,,22600.0,14200.0,1.5667,0.1154212105686891,0.1465119226521337,2635.0
2020-03-25,42.0,60.4,5.4,30.0,1.9321125145603584,,,,,14800.0,8900.0,1.6913,0.1154212105686891,0.1465119226521337,2635.0
2020-03-26,42.0,62.5,9.5,30.0,3.509810489297444,,,,,14600.0,8600.0,1.575,0.1154212105686891,0.1465119226521337,2635.0
2020-03-27,45.0,62.9,10.9,30.0,1.897149654571224,,,,,13100.0,7800.0,1.45,0.1154212105686891,0.1465119226521337,2635.0
2020-03-28,44.9,65.8,16.1,30.1,1.5162984627635092,,,,,11400.0,7000.0,1.0542,0.1154212105686891,0.1465119226521337,2635.0
2020-03-29,40.5,60.7,17.9,30.4,5.606257043484511,,,,,10000.0,5800.0,0.9958,0.1154212105686891,0.1465119226521337,2635.0
2020-03-30,41.5,72.3,9.2,30.3,3.963609664625985,,,,,5700.0,2900.0,0.6625,0.1154212105686891,0.1465119226521337,2635.0
2020-03-31,42.3,69.9,10.5,30.2,7.065496777555275,,,,,5500.0,2700.0,1.1667,0.1154212105686891,0.1465119226521337,2635.0
2020-04-01,41.0,67.6,4.7,30.0,4.522130754825518,,,,,4400.0,2200.0,0.9458,0.1154212105686891,0.1465119226521337,2635.0
2020-04-02,47.7,69.1,7.3,29.8,9.06699378769776,,,,,4700.0,2300.0,1.028,0.1154212105686891,0.1465119226521337,2635.0
2020-04-03,48.4,70.8,4.8,29.8,7.601060591642244,,,,,5400.0,2600.0,1.484,0.1154212105686891,0.1465119226521337,2635.0
2020-04-04,49.4,69.5,6.1,29.9,8.502066381183356,,,,,5500.0,2700.0,1.932,0.1154212105686891,0.1465119226521337,2635.0
2020-04-05,56.9,52.0,8.8,29.7,23.875035933987288,,,,,5300.0,2500.0,2.116,0.1154212105686891,0.1465119226521337,2635.0
2020-04-06,56.2,65.2,6.9,29.8,48.634753685317726,,,,,3300.0,1900.0,1.5923,0.1154212105686891,0.1465119226521337,2635.0
2020-04-07,52.1,65.8,3.8,30.1,105.25707137097216,,,,,4200.0,2500.0,1.8038,0.1154212105686891,0.1465119226521337,2635.0
2020-04-08,59.7,64.8,4.6,30.0,116.34001956509462,,,,,4300.0,2200.0,1.6423,0.1154212105686891,0.1465119226521337,2635.0
2020-04-09,58.7,67.8,7.3,30.0,124.01291789125524,,,,,4500.0,2800.0,1.9577,0.1154212105686891,0.1465119226521337,2635.0
2020-04-10,58.6,63.4,7.4,30.0,517.9520346038208,,,,,3600.0,1800.0,2.1192,0.1154212105686891,0.1465119226521337,2635.0
2020-04-11,60.3,58.9,4.5,30.0,3.046091090491013,,,,,3700.0,2500.0,1.8577,0.1154212105686891,0.1465119226521337,2635.0
2020-04-12,60.1,58.3,4.4,29.7,3.2074993933663114,,,,,3300.0,1700.0,1.8115,0.1154212105686891,0.1465119226521337,2635.0
2020-04-13,47.6,62.5,18.5,30.0,6.626202760036766,,,,,3000.0,1800.0,1.6654,0.1154212105686891,0.1465119226521337,2635.0
2020-04-14,44.6,59.9,7.4,30.1,4.193957915198568,,,,,1900.0,1000.0,2.2654,0.1154212105686891,0.1465119226521337,2635.0
2020-04-15,48.3,64.2,6.1,30.0,2.7392136965149114,,,,,2700.0,1300.0,2.2077,0.1154212105686891,0.1465119226521337,2635.0
2020-04-16,53.5,65.4,5.2,29.8,3.220375712992565,,,,,2800.0,1600.0,1.5115,0.1154212105686891,0.1465119226521337,2635.0
2020-04-17,49.3,86.2,11.8,29.8,3.674722200621989,,,,,3100.0,1700.0,0.6692,0.1154212105686891,0.1465119226521337,2635.0
2020-04-18,49.2,88.4,7.1,29.8,2.4392631878115867,,,,,3200.0,1900.0,1.0038,0.1154212105686891,0.1465119226521337,2635.0
2020-04-19,51.1,70.0,9.5,29.9,2.6834227513048265,,,,,2300.0,1100.0,2.2038,0.1154212105686891,0.1465119226521337,2635.0
2020-04-20,52.3,63.2,14.7,29.8,2.203680270431283,,,,,3100.0,1900.0,2.1071,0.1154212105686891,0.1465119226521337,2635.0
2020-04-21,54.8,57.2,15.0,29.8,1.5826898954925266,,,,,3300.0,2300.0,2.1536,0.1154212105686891,0.1465119226521337,2635.0
2020-04-22,56.0,56.9,10.2,29.9,2.182966470983943,,,,,3900.0,2200.0,2.1964,0.1154212105686891,0.1465119226521337,2635.0
2020-04-23,58.5,60.7,5.9,29.9,2.19602457810239,,,,,2900.0,1800.0,2.2536,0.1154212105686891,0.1465119226521337,2635.0
2020-04-24,56.8,60.7,3.9,29.8,1.2925892921255293,,,,,4500.0,2800.0,2.2107,0.1154212105686891,0.1465119226521337,2635.0
2020-04-25,50.5,75.6,7.9,29.7,1.3530224071517944,,,,,3500.0,2300.0,2.2536,0.1154212105686891,0.1465119226521337,2635.0
2020-04-26,51.6,69.9,3.2,29.7,2.0092247472530724,,,,,3900.0,2400.0,2.2929,0.1154212105686891,0.1465119226521337,2635.0
2020-04-27,54.0,71.7,4.2,29.5,2.3028425898306097,,,,,3300.0,2100.0,1.2964,0.1154212105686891,0.1465119226521337,2635.0
2020-04-28,47.3,97.3,9.3,29.4,2.121549287178113,,,,,4300.0,2800.0,0.3464,0.1154212105686891,0.1465119226521337,2635.0
2020-05-01,50.3,80.1,9.5,29.3,1.1176327039743406,,,,,4900.0,2600.0,1.5964,0.1154212105686891,0.1465119226521337,2635.0
2020-05-02,51.5,68.8,7.1,29.6,1.1491009345422325,,,,,3800.0,1900.0,2.1143,0.1154212105686891,0.1465119226521337,2635.0
2020-05-03,51.5,82.7,4.0,29.8,1.2203607450990703,,,,,4700.0,1800.0,1.1393,0.1154212105686891,0.1465119226521337,2635.0
2020-05-04,53.8,75.6,10.1,29.9,1.2553850922297858,,,,,2700.0,900.0,2.2179,0.1154212105686891,0.1465119226521337,2635.0
2020-05-05,50.0,71.1,14.0,29.9,1.165581993624578,,,,,3100.0,1800.0,2.4464,0.1154212105686891,0.1465119226521337,2635.0
2020-05-06,51.5,71.7,7.4,30.0,0.9975564516142714,,,,,4400.0,1900.0,2.5786,0.1154212105686891,0.1465119226521337,2635.0
2020-05-07,56.2,64.5,4.7,30.0,0.9890000472593092,,,,,4500.0,2100.0,2.4759,0.1154212105686891,0.1465119226521337,2635.0
2020-05-08,59.8,61.6,2.7,29.8,0.8872707753618513,,,,,4600.0,1600.0,2.3207,0.1154212105686891,0.1465119226521337,2635.0
2020-05-09,60.4,61.3,6.4,29.7,1.0509262494267195,,,,,3700.0,1500.0,2.4241,0.1154212105686891,0.1465119226521337,2635.0
2020-05-10,54.7,70.8,13.2,29.6,0.9255822354478386,,,,,3900.0,1400.0,1.3033,0.1154212105686891,0.1465119226521337,2635.0
2020-05-11,47.0,51.6,18.4,29.8,0.995385754292633,,,,,3500.0,1300.0,1.7483,0.1154212105686891,0.1465119226521337,2635.0
2020-05-12,46.9,60.8,4.4,29.9,0.99454013770325,,,,,3300.0,1300.0,2.1033,0.1154212105686891,0.1465119226521337,2635.0
2020-05-13,47.4,63.9,9.8,29.8,1.086353589755654,,,,,4400.0,1900.0,2.0828,0.1154212105686891,0.1465119226521337,2635.0
2020-05-14,46.1,64.1,10.0,29.9,0.9292205190078606,,,,,4400.0,1700.0,2.58,0.1154212105686891,0.1465119226521337,2635.0
2020-05-15,50.5,62.8,4.0,30.0,0.9567638933206656,,,,,5100.0,1800.0,2.32,0.1154212105686891,0.1465119226521337,2635.0
2020-05-16,53.0,63.6,4.6,30.0,1.0195095897545432,,,,,3300.0,900.0,1.89,0.1154212105686891,0.1465119226521337,2635.0
2020-05-17,56.3,67.3,6.5,30.0,1.0492669984396263,,,,,4300.0,1500.0,2.3967,0.1154212105686891,0.1465119226521337,2635.0
2020-05-18,59.8,64.6,8.5,30.0,1.036911444823785,,,,,4500.0,1200.0,2.8833,0.1154212105686891,0.1465119226521337,2635.0
2020-05-19,62.8,73.0,6.0,30.0,1.0116365529163802,,,,,3400.0,1300.0,3.0467,0.1154212105686891,0.1465119226521337,2635.0
2020-05-20,65.9,60.9,4.4,29.9,1.0416038601078803,,,,,6800.0,2400.0,2.9533,0.1154212105686891,0.1465119226521337,2635.0
2020-05-21,66.3,61.5,4.3,29.9,1.0161642027278228,,,,,4400.0,1700.0,2.7933,0.1154212105686891,0.1465119226521337,2635.0
2020-05-22,62.1,62.8,12.5,29.8,0.98468285465641,,,,,5000.0,1400.0,2.4067,0.1154212105686891,0.1465119226521337,2635.0
2020-05-23,56.6,70.0,12.3,30.0,0.9837710373854852,,,,,4500.0,1400.0,2.2133,0.1154212105686891,0.1465119226521337,2635.0
2020-05-24,60.1,63.5,9.1,30.2,1.0814896918204877,,,,,5400.0,1500.0,2.2067,0.1154212105686891,0.1465119226521337,2635.0
2020-05-25,62.9,61.8,4.6,30.3,1.0144564918012868,,,,,4100.0,1200.0,2.9367,0.1154212105686891,0.1465119226521337,2635.0
2020-05-26,64.8,59.1,3.3,30.3,1.0333789208723576,,,,,4000.0,1500.0,2.94,0.1154212105686891,0.1465119226521337,2635.0
2020-05-27,64.4,63.4,4.5,30.3,1.0000858884927153,,,,,5100.0,1800.0,2.5633,0.1154212105686891,0.1465119226521337,2635.0
2020-05-28,59.9,62.0,10.0,30.3,1.0032352731026413,,,,,5500.0,1800.0,3.0867,0.1154212105686891,0.1465119226521337,2635.0
2020-05-29,59.7,58.7,8.3,30.1,1.0114446329737683,,,,,6400.0,1900.0,3.1467,0.1154212105686891,0.1465119226521337,2635.0
2020-05-30,61.5,62.5,9.4,30.0,1.0441974993952905,,,,,5300.0,1700.0,2.9267,0.1154212105686891,0.1465119226521337,2635.0
2020-05-31,63.0,57.7,11.8,29.9,1.0494897688618514,,,,,6300.0,1900.0,2.9467,0.1154212105686891,0.1465119226521337,2635.0
2020-06-01,64.1,59.4,9.3,29.9,1.0437711853408067,,,,,6000.0,1700.0,2.9233,0.1154212105686891,0.1465119226521337,2635.0
2020-06-02,65.9,49.4,6.6,29.8,1.028280456564676,,,,,5400.0,1900.0,2.7871,0.1154212105686891,0.1465119226521337,2635.0
2020-06-03,59.9,64.7,7.4,29.6,1.0398917820595512,,,,,6800.0,2100.0,0.7968,0.1154212105686891,0.1465119226521337,2635.0
2020-06-04,54.5,74.7,9.8,29.4,1.0173933166341294,,,,,7700.0,2700.0,1.2742,0.1154212105686891,0.1465119226521337,2635.0
2020-06-05,55.6,60.6,12.6,29.2,1.0296671089372105,,,,,10200.0,3200.0,1.7517,0.1154212105686891,0.1465119226521337,2635.0
2020-06-06,52.6,76.1,13.8,29.3,1.010975785375409,,,,,8700.0,2500.0,1.0531,0.1154212105686891,0.1465119226521337,2635.0
2020-06-07,55.2,77.0,6.4,29.6,1.026589381383744,,,,,10700.0,3200.0,1.7813,0.1154212105686891,0.1465119226521337,2635.0
2020-06-08,55.1,69.7,8.4,29.8,1.047058645612326,,,,,4800.0,1700.0,1.6065,0.1154212105686891,0.1465119226521337,2635.0
2020-06-09,56.7,65.1,4.6,29.9,1.0586333807321178,,,,,3300.0,1300.0,2.3115,0.1154212105686891,0.1465119226521337,2635.0
2020-06-10,54.2,93.2,4.8,29.8,1.041311903508215,,,,,4000.0,1400.0,1.0238,0.1154212105686891,0.1465119226521337,2635.0
2020-06-11,57.9,85.3,12.2,29.6,1.001863904376978,,,,,4100.0,1700.0,1.1344,0.1154212105686891,0.1465119226521337,2635.0
2020-06-12,60.3,89.0,11.3,29.4,1.0180678550244715,,,,,4700.0,1700.0,1.25,0.1154212105686891,0.1465119226521337,2635.0
2020-06-13,63.2,71.3,8.2,29.6,1.0029726686553977,,,,,4100.0,1600.0,2.2875,0.1154212105686891,0.1465119226521337,2635.0
2020-06-14,61.9,78.3,5.7,29.7,1.00603667242193,,,,,5900.0,1900.0,1.7438,0.1154212105686891,0.1465119226521337,2635.0
2020-06-15,62.0,76.8,3.3,29.8,1.0223517873143046,,,,,5000.0,1600.0,2.0844,0.1154212105686891,0.1465119226521337,2635.0
2020-06-16,62.1,81.5,3.5,29.7,1.0057294934333865,,,,,4500.0,1300.0,2.0469,0.1154212105686891,0.1465119226521337,2635.0
2020-06-17,61.6,80.2,3.5,29.7,1.0200476148216886,,,,,5600.0,1800.0,1.7844,0.1154212105686891,0.1465119226521337,2635.0
2020-06-18,60.2,90.3,6.0,29.6,1.0140731795440678,,,,,5800.0,2100.0,0.7969,0.1154212105686891,0.1465119226521337,2635.0
2020-06-19,59.8,82.7,9.6,29.7,1.0169045252988869,,,,,7000.0,2300.0,1.3813,0.1154212105686891,0.1465119226521337,2635.0
2020-06-20,61.7,77.4,6.8,29.9,1.010362039239377,,,,,5900.0,1800.0,2.1813,0.1154212105686891,0.1465119226521337,2635.0
2020-06-21,62.8,75.6,10.1,29.8,1.0084510435277283,,,,,8200.0,2500.0,2.1219,0.1154212105686891,0.1465119226521337,2635.0
2020-06-22,60.3,70.4,6.5,30.1,1.008747366020455,,,,,6800.0,2100.0,3.2406,0.1154212105686891,0.1465119226521337,2635.0
2020-06-23,67.3,65.0,5.2,30.0,1.0032335451716703,,,,,6200.0,1900.0,3.025,0.1154212105686891,0.1465119226521337,2635.0
2020-06-24,73.6,59.2,8.8,29.9,1.0507544778376972,,,,,6600.0,2300.0,2.8219,0.1154212105686891,0.1465119226521337,2635.0
2020-06-25,75.9,52.3,7.5,29.8,1.0165360672752968,,,,,7100.0,2700.0,2.9875,0.1154212105686891,0.1465119226521337,2635.0
2020-06-26,70.0,69.5,6.7,29.6,1.0328881624114576,,,,,7200.0,2700.0,2.975,0.1154212105686891,0.1465119226521337,2635.0
2020-06-27,61.5,83.0,11.9,29.5,1.0040064671325504,,,,,7200.0,2700.0,1.5969,0.1154212105686891,0.1465119226521337,2635.0
2020-06-28,60.5,63.5,14.3,29.6,1.0230421477194056,,,,,9600.0,3500.0,2.2625,0.1154212105686891,0.1465119226521337,2635.0
2020-06-29,59.8,63.4,13.6,29.6,1.005332813673527,,,,,7700.0,2700.0,1.7938,0.1154212105686891,0.1465119226521337,2635.0
2020-06-30,59.7,88.7,7.9,29.5,1.0538720982898704,,,,,8000.0,2800.0,1.3313,0.1154212105686891,0.1465119226521337,2635.0
2020-07-01,63.0,75.8,9.6,29.5,1.0666302865417112,,,,,17400.0,6200.0,1.5194,0.1154212105686891,0.1465119226521337,2635.0
2020-07-02,60.6,80.2,8.1,29.6,1.015962246639568,,,,,14900.0,5900.0,1.9548,0.1154212105686891,0.1465119226521337,2635.0
2020-07-03,60.1,74.9,12.2,29.8,1.0164571205329245,,,,,16800.0,6900.0,2.2452,0.1154212105686891,0.1465119226521337,2635.0
2020-07-04,62.1,90.1,13.7,29.7,1.0485829046570363,,,,,16200.0,5900.0,0.9677,0.1154212105686891,0.1465119226521337,2635.0
2020-07-05,64.5,66.3,17.1,29.6,1.001438473415761,,,,,19100.0,7300.0,0.2333,0.1154212105686891,0.1465119226521337,2635.0
2020-07-06,60.5,61.1,11.3,29.9,1.018635875117735,,,,,16500.0,6500.0,2.113,0.1154212105686891,0.1465119226521337,2635.0
2020-07-07,60.7,62.6,7.0,29.9,1.00230495040586,,,,,15000.0,5600.0,1.6742,0.1154212105686891,0.1465119226521337,2635.0
2020-07-08,62.2,92.4,7.6,29.7,1.0018312631020132,,,,,16400.0,7200.0,1.2387,0.1154212105686891,0.1465119226521337,2635.0
2020-07-09,62.6,89.5,10.4,29.7,1.0161224965326692,,,,,18300.0,8300.0,1.0516,0.1154212105686891,0.1465119226521337,2635.0
2020-07-10,60.3,64.5,11.1,29.8,1.0171180773604458,,,,,31900.0,13600.0,1.8645,0.1154212105686891,0.1465119226521337,2635.0
2020-07-11,60.2,55.4,7.3,30.1,1.003004830755174,,,,,39300.0,15900.0,2.5161,0.1154212105686891,0.1465119226521337,2635.0
2020-07-12,61.6,59.1,3.6,30.1,1.0019985852718198,,,,,48000.0,20000.0,2.8323,0.1154212105686891,0.1465119226521337,2635.0
2020-07-13,64.0,56.1,6.7,30.0,1.001959212607932,,,,,38400.0,16400.0,2.471,0.1154212105686891,0.1465119226521337,2635.0
2020-07-14,63.5,77.0,6.2,29.8,1.0177404511182628,,,,,31600.0,13300.0,1.6129,0.1154212105686891,0.1465119226521337,2635.0
2020-07-15,61.7,69.1,6.7,29.8,1.0174411057691135,,,,,35600.0,15300.0,1.2839,0.1154212105686891,0.1465119226521337,2635.0
2020-07-16,66.3,68.9,7.7,29.9,1.0004193967411252,,,,,34400.0,15900.0,2.26,0.1154212105686891,0.1465119226521337,2635.0
2020-07-17,70.6,63.0,5.5,29.9,1.030972275905188,,,,,39900.0,18300.0,2.8571,0.1154212105686891,0.1465119226521337,2635.0
2020-07-18,66.6,66.7,7.5,29.8,1.0942025984165291,,,,,43600.0,20300.0,2.7067,0.1154212105686891,0.1465119226521337,2635.0
2020-07-19,61.9,82.8,5.4,29.8,1.0793374402276548,,,,,54800.0,25300.0,1.9,0.1154212105686891,0.1465119226521337,2635.0
2020-07-20,62.5,58.1,6.4,30.0,1.0329681898716434,,,,,46200.0,21400.0,2.9633,0.1154212105686891,0.1465119226521337,2635.0
2020-07-21,61.7,56.1,5.3,30.1,1.0023631276996132,,,,,37900.0,18100.0,2.9967,0.1154212105686891,0.1465119226521337,2635.0
2020-07-22,63.8,61.5,6.2,30.0,1.0329631170242934,,,,,42900.0,21800.0,2.7367,0.1154212105686891,0.1465119226521337,2635.0
2020-07-23,64.3,63.8,7.8,29.8,1.0327535705923852,,,,,44800.0,23400.0,2.3667,0.1154212105686891,0.1465119226521337,2635.0
2020-07-24,66.4,74.3,8.0,29.7,1.0316625064173852,,,,,58100.0,31800.0,1.8867,0.1154212105686891,0.1465119226521337,2635.0
2020-07-25,63.0,93.0,8.4,29.6,1.0179395238848723,,,,,65400.0,38000.0,1.1567,0.1154212105686891,0.1465119226521337,2635.0
2020-07-26,62.5,78.1,8.9,29.6,1.048110703562703,,,,,78700.0,43300.0,1.7733,0.1154212105686891,0.1465119226521337,2635.0
2020-07-27,63.0,86.5,10.2,29.6,1.0179909832809173,,,,,63700.0,35100.0,1.1267,0.1154212105686891,0.1465119226521337,2635.0
2020-07-28,62.0,64.3,10.5,29.7,1.0028964046250135,,,,,54800.0,30400.0,1.8267,0.1154212105686891,0.1465119226521337,2635.0
2020-07-29,61.3,63.2,5.3,29.9,1.0328006890821426,,,,,60400.0,34000.0,2.7,0.1154212105686891,0.1465119226521337,2635.0
2020-07-30,67.9,55.1,4.3,29.8,1.0013653605490729,,,,,75600.0,42800.0,3.2586,0.1154212105686891,0.1465119226521337,2635.0
2020-07-31,74.2,57.7,8.8,29.7,1.0012107640325922,,,,,83900.0,47000.0,2.6483,0.1154212105686891,0.1465119226521337,2635.0
2020-08-01,68.0,70.7,8.3,29.8,1.0022128085597954,,,,,99100.0,61400.0,2.469,0.1154212105686891,0.1465119226521337,2635.0
2020-08-02,63.3,66.5,8.1,29.8,1.0015859620725165,,,,,107000.0,57900.0,2.7,0.1154212105686891,0.1465119226521337,2635.0
2020-08-03,64.7,57.1,7.8,29.8,1.0165939949731364,,,,,86600.0,47000.0,2.3724,0.1154212105686891,0.1465119226521337,2635.0
2020-08-04,62.5,66.7,7.3,29.8,1.016425502520394,,,,,70300.0,38300.0,2.4793,0.1154212105686891,0.1465119226521337,2635.0
2020-08-05,66.9,66.6,10.8,29.7,1.0019420041424945,,,,,72200.0,39300.0,2.4724,0.1154212105686891,0.1465119226521337,2635.0
2020-08-06,71.9,67.0,6.1,29.8,1.0011927430978484,,,,,73600.0,40600.0,1.8241,0.1154212105686891,0.1465119226521337,2635.0
2020-08-07,76.1,52.0,3.4,29.8,1.000654383857957,,,,,89100.0,49600.0,2.5643,0.1154212105686891,0.1465119226521337,2635.0
2020-08-08,79.0,52.8,6.7,29.9,1.0021904560084995,,,,,102900.0,63800.0,1.8607,0.1154212105686891,0.1465119226521337,2635.0
2020-08-09,75.4,63.5,9.5,29.8,1.0166374639754578,,,,,115300.0,64800.0,2.4,0.1154212105686891,0.1465119226521337,2635.0
2020-08-10,78.4,61.8,6.1,29.7,1.0175130901052345,,,,,95500.0,54900.0,2.3964,0.1154212105686891,0.1465119226521337,2635.0
2020-08-11,80.4,57.0,3.7,29.7,1.046774220188416,,,,,82400.0,49100.0,1.1444,0.1154212105686891,0.1465119226521337,2635.0
2020-08-12,79.3,60.6,5.8,29.7,1.0468800525430166,,,,,86800.0,50500.0,2.7667,0.1154212105686891,0.1465119226521337,2635.0
2020-08-13,73.1,79.0,5.0,29.7,1.000865179087457,,,,,87700.0,49700.0,1.7929,0.1154212105686891,0.1465119226521337,2635.0
2020-08-14,66.8,86.0,6.9,29.7,1.0018825060398129,,,,,108700.0,63400.0,0.7464,0.1154212105686891,0.1465119226521337,2635.0
2020-08-15,66.3,92.1,4.3,29.7,1.002130289827175,,,,,107400.0,65500.0,0.6,0.1154212105686891,0.1465119226521337,2635.0
2020-08-16,66.4,85.2,3.6,29.6,1.031995951072591,,,,,117900.0,64900.0,1.375,0.1154212105686891,0.1465119226521337,2635.0
2020-08-17,64.8,80.9,5.8,29.6,1.0475086545253791,,,,,106400.0,59500.0,1.5857,0.1154212105686891,0.1465119226521337,2635.0
2020-08-18,66.3,80.4,7.6,29.6,1.046915129632591,,,,,96500.0,56300.0,1.5643,0.1154212105686891,0.1465119226521337,2635.0
2020-08-19,63.6,95.9,7.1,29.4,1.0018177829674937,,,,,96200.0,55100.0,0.6107,0.1154212105686891,0.1465119226521337,2635.0
2020-08-20,67.9,73.6,8.3,29.4,1.0312091586737642,,,,,96900.0,53600.0,2.6259,0.1154212105686891,0.1465119226521337,2635.0
2020-08-21,67.5,71.3,16.3,29.4,1.0012716809359763,,,,,110900.0,63000.0,1.7037,0.1154212105686891,0.1465119226521337,2635.0
2020-08-22,64.5,73.5,12.8,29.7,1.0025915366427347,,,,,112800.0,68200.0,2.1074,0.1154212105686891,0.1465119226521337,2635.0
2020-08-23,62.7,73.8,10.8,29.8,1.0174515509596815,,,,,121800.0,66500.0,1.7577,0.1154212105686891,0.1465119226521337,2635.0
2020-08-24,62.3,77.9,8.0,29.8,1.0326219210658347,,,,,107300.0,59200.0,1.6269,0.1154212105686891,0.1465119226521337,2635.0
2020-08-25,63.1,85.7,15.6,29.4,1.0026891374636735,,,,,91700.0,51500.0,1.2346,0.1154212105686891,0.1465119226521337,2635.0
2020-08-26,64.9,64.8,13.9,29.7,1.0169480578013306,,,,,91900.0,52300.0,1.6462,0.1154212105686891,0.1465119226521337,2635.0
2020-08-27,59.6,83.3,7.2,29.6,1.0463491800894962,,,,,97700.0,54200.0,0.772,0.1154212105686891,0.1465119226521337,2635.0
2020-08-28,58.2,85.4,7.3,29.3,1.0015320425434304,,,,,117200.0,66100.0,1.3,0.1154212105686891,0.1465119226521337,2635.0
2020-08-29,55.1,83.2,13.6,29.5,1.0181281964129063,,,,,115400.0,71000.0,1.1462,0.1154212105686891,0.1465119226521337,2635.0
2020-08-30,57.4,70.3,11.4,29.8,1.0026682958497992,,,,,122800.0,67400.0,1.6231,0.1154212105686891,0.1465119226521337,2635.0
2020-09-01,56.5,71.5,3.1,29.9,1.0327906032844825,,,,,93300.0,50200.0,1.6308,0.1154212105686891,0.1465119226521337,2635.0
2020-09-02,57.8,79.0,4.9,29.9,1.0625009283036138,,,,,92600.0,48800.0,1.3692,0.1154212105686891,0.1465119226521337,2635.0
2020-09-03,64.8,88.5,10.9,29.8,1.0608036164353662,,,,,93200.0,47500.0,0.9731,0.1154212105686891,0.1465119226521337,2635.0
2020-09-04,60.4,75.0,7.7,29.9,1.0019199418370766,,,,,112700.0,57100.0,1.2808,0.1154212105686891,0.1465119226521337,2635.0
2020-09-05,57.2,72.8,6.3,29.9,1.0182294797054348,,,,,108900.0,61900.0,1.5769,0.1154212105686891,0.1465119226521337,2635.0
2020-09-06,57.1,75.7,4.2,29.9,1.13416369068213,,,,,,,,0.1154212105686891,0.1465119226521337,2635.0
2020-09-07,58.7,80.8,6.0,30.0,1.0188704724740425,,,,,97800.0,49400.0,1.8833,0.1154212105686891,0.1465119226521337,2635.0
2020-09-08,67.1,81.2,6.9,30.0,1.0037697664716492,,,,,81500.0,43400.0,1.82,0.1154212105686891,0.1465119226521337,2635.0
2020-09-09,64.8,80.4,6.5,30.0,1.0606833599027867,,,,,82100.0,42800.0,1.2292,0.1154212105686891,0.1465119226521337,2635.0
2020-09-10,58.2,66.1,4.3,30.0,1.0020230405281794,,,,,88900.0,46200.0,1.8375,0.1154212105686891,0.1465119226521337,2635.0
2020-09-11,55.6,73.5,4.9,29.8,1.0020963148684476,,,,,115400.0,61600.0,1.4583,0.1154212105686891,0.1465119226521337,2635.0
2020-09-12,60.3,73.6,7.2,29.9,1.00387524436834,,,,,103200.0,59700.0,2.0083,0.1154212105686891,0.1465119226521337,2635.0
2020-09-13,62.8,79.3,4.9,30.0,1.047736205972228,,,,,112700.0,58500.0,1.9917,0.1154212105686891,0.1465119226521337,2635.0
2020-09-14,64.9,70.6,4.3,29.9,1.0042818913818083,,,,,94500.0,49800.0,1.6792,0.1154212105686891,0.1465119226521337,2635.0
2020-09-15,69.7,72.2,4.1,29.8,1.0042055208580916,,,,,76300.0,41300.0,1.6167,0.1154212105686891,0.1465119226521337,2635.0
2020-09-16,69.5,66.7,9.8,30.0,1.0184052799711694,,,,,79200.0,42800.0,1.6208,0.1154212105686891,0.1465119226521337,2635.0
2020-09-17,61.0,69.0,12.8,30.1,1.017214419833309,,,,,81900.0,42400.0,1.7917,0.1154212105686891,0.1465119226521337,2635.0
2020-09-18,59.2,72.2,11.3,29.9,1.0022303830207078,,,,,100100.0,51000.0,1.7217,0.1154212105686891,0.1465119226521337,2635.0
2020-09-19,63.9,70.0,13.7,29.8,1.0351598684859409,,,,,101100.0,58800.0,1.6667,0.1154212105686891,0.1465119226521337,2635.0
2020-09-20,64.2,65.3,10.2,29.8,1.078361603216787,,,,,108600.0,56200.0,1.7,0.1154212105686891,0.1465119226521337,2635.0
2020-09-21,62.9,71.8,3.6,29.8,1.0340082756741589,,,,,90200.0,48000.0,1.6435,0.1154212105686891,0.1465119226521337,2635.0
2020-09-22,62.0,77.8,5.8,29.6,1.062603140358874,,,,,69600.0,36700.0,1.5304,0.1154212105686891,0.1465119226521337,2635.0
2020-09-23,60.4,86.8,9.3,29.3,1.1054564512383966,,,,,69300.0,37900.0,0.5652,0.1154212105686891,0.1465119226521337,2635.0
2020-09-24,50.7,85.0,6.3,29.2,1.0599182017705708,,,,,76000.0,39000.0,0.9,0.1154212105686891,0.1465119226521337,2635.0
2020-09-25,50.6,71.5,15.4,29.4,1.0450870926044429,,,,,94200.0,47300.0,1.113,0.1154212105686891,0.1465119226521337,2635.0
2020-09-26,50.2,67.8,15.3,29.6,1.0615682794367738,,,,,97700.0,57400.0,1.1391,0.1154212105686891,0.1465119226521337,2635.0
2020-09-27,53.5,69.8,15.1,29.7,1.1026159981883774,,,,,98200.0,50900.0,1.3261,0.1154212105686891,0.1465119226521337,2635.0
2020-09-28,56.1,71.6,7.5,29.7,1.0468628349477496,,,,,83200.0,45400.0,1.3091,0.1154212105686891,0.1465119226521337,2635.0
2020-09-29,60.2,84.5,5.2,29.8,1.0472321543910077,,,,,65000.0,34800.0,1.1409,0.1154212105686891,0.1465119226521337,2635.0
2020-09-30,56.6,90.1,7.8,29.5,1.0601572937621913,,,,,72900.0,39400.0,0.4636,0.1154212105686891,0.1465119226521337,2635.0
2020-10-01,54.0,82.2,6.5,29.2,1.099941732444124,,,,,62100.0,30100.0,0.9318,0.1154212105686891,0.1465119226521337,2635.0
2020-10-02,53.2,95.4,11.3,28.9,1.112087284605753,,,,,86000.0,42100.0,0.2364,0.1154212105686891,0.1465119226521337,2635.0
2020-10-03,55.6,92.8,5.2,28.9,1.0997417707622483,,,,,84500.0,49800.0,0.53,0.1154212105686891,0.1465119226521337,2635.0
2020-10-04,50.0,93.2,10.0,28.8,1.111692142427684,,,,,85000.0,43600.0,0.3667,0.1154212105686891,0.1465119226521337,2635.0
2020-10-05,53.0,88.3,8.1,29.2,1.084647788826686,,,,,66000.0,35600.0,0.9667,0.1154212105686891,0.1465119226521337,2635.0
2020-10-06,55.2,84.9,11.7,29.3,1.0849338302974592,,,,,50500.0,26500.0,0.8048,0.1154212105686891,0.1465119226521337,2635.0
2020-10-07,53.8,79.2,8.6,29.7,1.1494379072086482,,,,,48400.0,27700.0,1.1667,0.1154212105686891,0.1465119226521337,2635.0
2020-10-08,58.6,86.8,10.5,29.7,1.0563192887047013,,,,,54100.0,28100.0,0.8333,0.1154212105686891,0.1465119226521337,2635.0
2020-10-09,50.3,84.1,6.5,29.9,1.107210228027404,,,,,66400.0,33800.0,0.6905,0.1154212105686891,0.1465119226521337,2635.0
2020-10-10,47.8,84.2,9.0,30.0,1.0307506129640418,,,,,71200.0,41300.0,0.6476,0.1154212105686891,0.1465119226521337,2635.0
2020-10-11,50.5,78.3,6.9,30.0,1.097792870483925,,,,,73500.0,37300.0,0.9905,0.1154212105686891,0.1465119226521337,2635.0
2020-10-12,49.0,90.7,4.0,29.9,1.1128962845550077,,,,,56900.0,28700.0,0.4619,0.1154212105686891,0.1465119226521337,2635.0
2020-10-13,48.5,91.0,8.4,29.6,1.1251611215614927,,,,,42500.0,23100.0,0.1,0.1154212105686891,0.1465119226521337,2635.0
2020-10-14,50.7,82.4,10.2,29.9,1.1737605135386704,,,,,,,,0.1154212105686891,0.1465119226521337,2635.0
2020-10-15,50.5,76.1,9.1,30.0,1.0834982958277537,,,,,,,,0.1154212105686891,0.1465119226521337,2635.0
2020-10-16,47.1,83.4,4.0,30.0,1.0828749497883927,,,,,62900.0,31300.0,0.7533,0.1154212105686891,0.1465119226521337,2635.0
2020-10-17,50.9,83.7,4.2,30.0,1.13774198185106,,,,,67300.0,37800.0,0.5526,0.1154212105686891,0.1465119226521337,2635.0
2020-10-18,49.3,85.2,2.4,30.0,1.1961056040564422,,,,,65100.0,31000.0,0.4895,0.1154212105686891,0.1465119226521337,2635.0
2020-10-19,52.6,75.6,7.2,29.8,1.3105526735092272,,,,,46600.0,22300.0,0.8105,0.1154212105686891,0.1465119226521337,2635.0
2020-10-20,59.1,83.0,9.2,29.4,1.303882299090252,,,,,35900.0,18800.0,0.6421,0.1154212105686891,0.1465119226521337,2635.0
2020-10-21,58.3,93.4,7.9,29.2,1.295851588332274,,,,,37600.0,21600.0,0.2632,0.1154212105686891,0.1465119226521337,2635.0
2020-10-22,56.2,82.2,7.9,29.6,1.154440035557261,,,,,38300.0,18600.0,0.5263,0.1154212105686891,0.1465119226521337,2635.0
2020-10-23,53.6,89.3,6.8,29.6,1.1948052618516751,,,,,52700.0,27300.0,0.4632,0.1154212105686891,0.1465119226521337,2635.0
2020-10-24,55.0,87.3,12.3,29.4,1.142390208376863,,,,,61700.0,37600.0,0.1684,0.1154212105686891,0.1465119226521337,2635.0
2020-10-25,50.3,86.3,6.9,29.2,1.5350517343336,,,,,62800.0,29500.0,0.5737,0.1154212105686891,0.1465119226521337,2635.0
2020-10-26,49.1,84.5,7.5,29.3,1.2498351856833931,,,,,41000.0,19200.0,0.5526,0.1154212105686891,0.1465119226521337,2635.0
2020-10-27,49.4,91.8,7.7,29.3,1.146482073130486,,,,,31300.0,15700.0,0.3526,0.1154212105686891,0.1465119226521337,2635.0
2020-10-28,49.8,83.6,8.9,29.4,1.2459934261190413,,,,,34500.0,18500.0,0.4842,0.1154212105686891,0.1465119226521337,2635.0
2020-10-29,53.5,86.8,10.9,29.7,1.231710277063983,,,,,38000.0,18200.0,0.2105,0.1154212105686891,0.1465119226521337,2635.0
2020-10-30,57.9,93.0,12.1,29.8,1.2086552091557816,,,,,59400.0,30300.0,0.3,0.1154212105686891,0.1465119226521337,2635.0
2020-10-31,55.4,86.9,10.9,29.7,1.1282381009890663,,,,,72400.0,46600.0,0.1765,0.1154212105686891,0.1465119226521337,2635.0
2020-11-01,58.6,87.8,15.1,29.4,1.2567409601286283,,,,,71700.0,37100.0,0.2353,0.1154212105686891,0.1465119226521337,2635.0
2020-11-02,56.1,80.6,16.6,29.5,1.2076125390780053,,,,,40400.0,18700.0,0.5647,0.1154212105686891,0.1465119226521337,2635.0
2020-11-03,46.0,79.7,9.5,29.9,1.1109167149131702,,,,,30900.0,12900.0,0.4941,0.1154212105686891,0.1465119226521337,2635.0
2020-11-04,39.7,85.9,2.1,30.3,1.1682843198691402,,,,,31400.0,13300.0,0.5471,0.1154212105686891,0.1465119226521337,2635.0
2020-11-05,38.9,92.0,1.5,30.4,1.1656726794143388,,,,,24600.0,11100.0,0.5294,0.1154212105686891,0.1465119226521337,2635.0
2020-11-06,40.8,89.1,4.8,30.1,1.1945624602399352,,,,,34600.0,15900.0,0.5059,0.1154212105686891,0.1465119226521337,2635.0
2020-11-07,46.2,95.0,4.3,29.9,1.163637828450117,,,,,38100.0,22400.0,0.5118,0.1154212105686891,0.1465119226521337,2635.0
2020-11-08,48.6,99.1,4.0,29.8,1.2820419832480774,,,,,38400.0,19700.0,0.2412,0.1154212105686891,0.1465119226521337,2635.0
2020-11-09,55.3,99.3,3.3,29.9,1.2395328798461291,,,,,21700.0,11000.0,0.2588,0.1154212105686891,0.1465119226521337,2635.0
2020-11-10,53.4,93.9,3.2,30.0,1.252116199703414,,,,,16300.0,8300.0,0.4929,0.1154212105686891,0.1465119226521337,2635.0
2020-11-11,51.5,91.1,7.4,29.8,1.1930408893782456,,,,,13700.0,6300.0,0.3059,0.1154212105686891,0.1465119226521337,2635.0
2020-11-12,51.9,79.7,9.0,29.7,1.1587678437707618,,,,,15500.0,7100.0,0.1,0.1154212105686891,0.1465119226521337,2635.0
2020-11-13,51.9,84.5,7.0,29.7,1.159218100371184,,,,,22500.0,9800.0,0.3,0.1154212105686891,0.1465119226521337,2635.0
2020-11-14,55.1,88.7,11.3,29.5,1.0241601325768677,,,,,19800.0,9600.0,0.1,0.1154212105686891,0.1465119226521337,2635.0
2020-11-15,51.6,87.6,12.5,29.2,1.0770782987519592,,,,,24300.0,10200.0,0.3176,0.1154212105686891,0.1465119226521337,2635.0
2020-11-16,51.1,83.8,11.6,29.7,1.1024034608764204,,,,,18200.0,8200.0,0.36,0.1154212105686891,0.1465119226521337,2635.0
2020-11-17,55.0,85.8,10.8,29.9,1.1165156977270676,,,,,14000.0,6300.0,0.2533,0.1154212105686891,0.1465119226521337,2635.0
2020-11-18,53.8,84.1,11.3,29.8,0.9492423046511556,,,,,10400.0,4300.0,0.3333,0.1154212105686891,0.1465119226521337,2635.0
2020-11-19,45.5,80.2,10.6,30.1,0.9737494232582152,,,,,13400.0,6000.0,0.28,0.1154212105686891,0.1465119226521337,2635.0
2020-11-20,41.1,95.3,4.7,30.3,1.0083879786720482,,,,,19400.0,8200.0,0.2133,0.1154212105686891,0.1465119226521337,2635.0
2020-11-21,51.8,86.2,9.7,30.1,1.035907779028974,,,,,17100.0,7200.0,0.2667,0.1154212105686891,0.1465119226521337,2635.0
2020-11-22,50.4,84.8,5.1,30.1,1.0331271586816635,,,,,19700.0,7700.0,0.3533,0.1154212105686891,0.1465119226521337,2635.0
2020-11-23,43.4,91.3,2.9,30.1,1.0999811135254958,,,,,15100.0,6000.0,0.3,0.1154212105686891,0.1465119226521337,2635.0
2020-11-24,50.9,85.8,7.7,29.8,1.0323648751562902,,,,,10100.0,4200.0,0.34,0.1154212105686891,0.1465119226521337,2635.0
2020-11-25,50.7,90.2,6.5,29.7,0.9493567010490732,,,,,11100.0,4400.0,0.12,0.1154212105686891,0.1465119226521337,2635.0
2020-11-26,45.0,86.4,4.0,29.9,0.9855908341740997,,,,,14500.0,6200.0,0.2933,0.1154212105686891,0.1465119226521337,2635.0
2020-11-27,42.4,89.6,4.5,29.8,0.9419701134906272,,,,,22100.0,9600.0,0.2467,0.1154212105686891,0.1465119226521337,2635.0
2020-11-28,47.3,93.7,5.5,29.8,0.9149504103698058,,,,,21100.0,9100.0,0.1733,0.1154212105686891,0.1465119226521337,2635.0
2020-11-29,44.5,95.6,4.4,30.1,1.0001330552085206,,,,,23300.0,8800.0,0.12,0.1154212105686891,0.1465119226521337,2635.0
2020-11-30,44.5,92.7,7.9,30.0,1.1195046266821418,19.34869102862656,,,,17000.0,6700.0,0.1467,0.1154212105686891,0.1465119226521337,2635.0
2020-12-01,41.4,80.1,9.2,30.0,1.179761166959513,11.112820579340402,,,,13900.0,5700.0,0.3067,0.1154212105686891,0.1465119226521337,2635.0
2020-12-02,39.8,90.5,3.5,29.8,1.2738358506659997,1.0207844835216813,,,,14300.0,5700.0,0.1667,0.1154212105686891,0.1465119226521337,2635.0
2020-12-03,40.9,93.6,5.7,29.0,1.1398456167363749,6.774641938386905,,,,21100.0,9000.0,0.0643,0.1154212105686891,0.1465119226521337,2635.0
2020-12-04,38.5,88.1,8.2,28.6,1.124289470197557,1.0125395746333885,,,,28800.0,12100.0,0.1429,0.1154212105686891,0.1465119226521337,2635.0
2020-12-05,41.0,82.0,8.9,29.0,1.1422608174842035,1.0245116287687512,,,,29200.0,12800.0,0.2286,0.1154212105686891,0.1465119226521337,2635.0
2020-12-06,38.3,92.4,6.5,29.3,1.2843412164849852,1.0209060162083108,,,,33300.0,13500.0,0.2714,0.1154212105686891,0.1465119226521337,2635.0
2020-12-07,35.8,98.5,3.8,29.3,1.4596241926977327,1.0195212534139435,,,,24700.0,10100.0,0.1571,0.1154212105686891,0.1465119226521337,2635.0
2020-12-08,35.4,96.8,2.8,29.4,1.3744515882852673,9.1461008232397,,,85399.15419896753,17900.0,7400.0,0.1,0.1154212105686891,0.1465119226521337,2635.0
2020-12-09,40.1,90.6,4.7,29.5,1.5279401820900365,8.659121272450284,,,85398.06600163902,,,,0.1154212105686891,0.1465119226521337,2635.0
2020-12-10,44.9,87.7,8.0,29.3,1.5331373349641435,1.009830998080559,,,85395.3455083178,,,,0.1154212105686891,0.1465119226521337,2635.0
2020-12-11,48.2,95.7,4.6,28.9,1.3567187324203327,11.910623732041886,,,85392.62501499652,,,,0.1154212105686891,0.1465119226521337,2635.0
2020-12-12,44.6,88.4,7.7,29.3,1.5463403912158875,9.144639988059918,,,85389.90452167531,,,,0.1154212105686891,0.1465119226521337,2635.0
2020-12-13,43.8,95.2,8.0,29.4,1.4732175108770034,1.0175508111648306,,,85388.27222568258,,,,0.1154212105686891,0.1465119226521337,2635.0
2020-12-14,51.9,87.9,11.1,29.3,1.8580075424423272,1.0156290672250796,,,85385.0076336971,,,,0.1154212105686891,0.1465119226521337,2635.0
2020-12-15,48.7,89.1,6.1,29.5,1.5065736037759652,12.248524183775563,,,85246.26247431402,,,,0.1154212105686891,0.1465119226521337,2635.0
2020-12-16,49.0,86.7,8.1,29.5,1.6068832837285822,5.743616437294773,,,85119.4874855444,,,,0.1154212105686891,0.1465119226521337,2635.0
2020-12-17,49.1,87.2,8.3,29.7,2.0617928726636734,1.008872990065941,,,85003.05037139545,,,,0.1154212105686891,0.1465119226521337,2635.0
2020-12-18,52.1,91.8,13.5,29.6,1.2405041329155742,6.258129759409152,,,84959.52247825569,,,,0.1154212105686891,0.1465119226521337,2635.0
2020-12-19,50.8,84.7,11.8,29.5,2.23208451451574,5.479523471679701,,,84955.16968894169,,,,0.1154212105686891,0.1465119226521337,2635.0
2020-12-20,46.1,85.2,6.7,29.7,2.1371260274584607,3.0538264139393108,,,84931.77344637904,,,,0.1154212105686891,0.1465119226521337,2635.0
2020-12-21,51.8,94.0,11.7,29.5,2.2520900921799303,5.010940527477646,,,84917.08278244437,,,,0.1154212105686891,0.1465119226521337,2635.0
2020-12-22,53.4,92.4,7.8,29.6,1.6003244449125926,9.581227289883572,,,84907.28900648793,,,,0.1154212105686891,0.1465119226521337,2635.0
2020-12-23,51.9,93.7,7.4,29.5,2.0079620947204124,11.037378194170104,,,84863.21701468392,,,,0.1154212105686891,0.1465119226521337,2635.0
2020-12-24,40.9,80.6,14.5,29.9,1.2427911572044303,4.568857786228907,,,84801.73386562393,,,,0.1154212105686891,0.1465119226521337,2635.0
2020-12-25,34.7,80.1,8.4,30.2,1.840260454500493,6.016874085696541,,,84801.73386562393,,,,0.1154212105686891,0.1465119226521337,2635.0
2020-12-26,43.3,87.8,11.6,29.8,1.5010717193377876,1.3862534701243898,,,84801.73386562393,,,,0.1154212105686891,0.1465119226521337,2635.0
2020-12-27,42.9,85.3,13.3,28.7,2.2661152594942955,5.755796492531895,,,84797.38107630998,,,,0.1154212105686891,0.1465119226521337,2635.0
2020-12-28,34.4,96.4,5.9,28.5,3.09238764284578,7.719677052973932,,,84793.02828699599,,,,0.1154212105686891,0.1465119226521337,2635.0
2020-12-29,36.2,89.4,6.3,29.0,2.753540413643102,6.083836822840222,,,84719.4512232024,,,,0.1154212105686891,0.1465119226521337,2635.0
2020-12-30,35.0,92.0,4.0,29.4,2.0669548420077453,2.6472759450247483,,,84537.4747811034,,,,0.1154212105686891,0.1465119226521337,2635.0
2020-12-31,30.8,94.1,5.7,29.4,1.6878855644472963,3.5022936212170994,,,84423.7581602757,,,,0.1154212105686891,0.1465119226521337,2635.0
2021-01-01,34.4,93.3,4.8,29.6,2.171255718922233,5.6264644385808085,,,84361.7309125515,21600.0,9600.0,0.1071,0.1154212105686891,0.1465119226521337,2635.0
2021-01-02,37.6,89.2,6.2,29.8,1.817377235937616,5.5264739119306725,,,84355.37459488418,45000.0,17300.0,0.2692,0.1154212105686891,0.1465119226521337,2635.0
2021-01-03,37.0,90.9,7.2,29.8,2.084022457708231,6.923878704012427,,,84348.59792267281,,,,0.1154212105686891,0.1465119226521337,2635.0
2021-01-04,37.9,89.4,13.3,29.8,1.7662358214275582,6.17818593430745,,,84327.7984293112,39500.0,12300.0,0.1444,0.1154212105686891,0.1465119226521337,2635.0
2021-01-05,37.3,87.8,12.0,29.9,1.4342408985574069,5.280377488558855,,,84133.53455561923,30100.0,9800.0,0.2357,0.1154212105686891,0.1465119226521337,2635.0
2021-01-06,36.4,91.2,6.1,29.9,1.1273751648082158,4.453734080506858,,,83931.38218995728,26600.0,8300.0,0.25,0.1154212105686891,0.1465119226521337,2635.0
2021-01-07,32.1,93.4,5.7,29.8,1.0151968035235548,4.419816899818438,,,83505.75639448648,24400.0,7900.0,0.2357,0.1154212105686891,0.1465119226521337,2635.0
2021-01-08,30.9,95.9,3.9,29.8,0.7378272666535834,3.5697174069404336,,,83175.63023986891,33200.0,8800.0,0.1286,0.1154212105686891,0.1465119226521337,2635.0
2021-01-09,32.3,95.3,4.3,30.1,0.4518612105325208,2.5179500190280235,,,82781.8756732575,34900.0,11300.0,0.35,0.1154212105686891,0.1465119226521337,2635.0
2021-01-10,30.5,98.1,4.6,30.1,0.7624541183031459,4.586225512893775,,,82622.38014269626,40400.0,10000.0,0.2357,0.1154212105686891,0.1465119226521337,2635.0
2021-01-11,42.6,87.0,10.0,29.9,0.5498853571487727,3.687973760323696,,,82536.58542004881,19500.0,6400.0,0.2,0.1154212105686891,0.1465119226521337,2635.0
2021-01-12,44.3,89.2,8.9,29.7,0.3083380712348762,2.8041173668938013,,,82372.56423386997,12500.0,4200.0,0.2267,0.1154212105686891,0.1465119226521337,2635.0
2021-01-13,42.9,96.9,6.8,29.9,0.3448488805238753,3.204940391898984,,,82033.76363234753,13600.0,4500.0,0.1867,0.1154212105686891,0.1465119226521337,2635.0
2021-01-14,43.9,96.9,7.9,29.8,0.1746318183948628,2.629157944569985,,,81754.44265153166,13200.0,4600.0,0.1,0.1154212105686891,0.1465119226521337,2635.0
2021-01-15,34.2,91.7,4.0,30.1,0.0503704741496996,2.165031587791061,,,81494.53635632509,19100.0,5200.0,0.2692,0.1154212105686891,0.1465119226521337,2635.0
2021-01-16,41.2,87.8,7.8,29.9,-0.0194170100116408,1.7241886495604983,,,81212.14914958071,17500.0,5900.0,0.2067,0.1154212105686891,0.1465119226521337,2635.0
2021-01-17,41.6,78.7,9.1,30.0,0.0989275347906848,2.6933901158615985,,,81174.06224308343,21700.0,5900.0,0.3533,0.1154212105686891,0.1465119226521337,2635.0
2021-01-18,40.5,92.8,8.0,29.9,0.0593668735284759,2.71112394798912,,,81002.67116384547,12700.0,3500.0,0.2867,0.1154212105686891,0.1465119226521337,2635.0
2021-01-19,49.7,91.8,16.0,29.5,0.0130642578271216,2.1765535648266665,,,80681.52920781937,8900.0,3400.0,0.2,0.1154212105686891,0.1465119226521337,2635.0
2021-01-20,49.2,90.4,17.8,29.0,0.0491000864584844,1.6924499818800904,,,80369.2165745414,8800.0,3100.0,0.0733,0.1154212105686891,0.1465119226521337,2635.0
2021-01-21,43.0,79.8,12.0,28.9,0.1342573576773212,1.5425367669542749,,,80084.94958356388,11900.0,3900.0,0.3133,0.1154212105686891,0.1465119226521337,2635.0
2021-01-22,38.4,86.0,5.6,29.1,0.1657218842845496,0.821745650310006,,,79898.32374172704,14400.0,4400.0,0.4,0.1154212105686891,0.1465119226521337,2635.0
2021-01-23,33.2,89.8,4.6,29.2,0.2462055614090488,0.9983422895264352,,,79633.89179090282,12600.0,4100.0,0.3133,0.1154212105686891,0.1465119226521337,2635.0
2021-01-24,31.3,93.1,5.5,29.2,0.4164201533809931,1.2019169703415329,,,79582.07867367912,15700.0,4400.0,0.24,0.1154212105686891,0.1465119226521337,2635.0
2021-01-25,34.1,82.6,7.5,29.6,0.4842739954452211,1.3873099700313287,,,79469.45025017996,9900.0,3200.0,0.4467,0.1154212105686891,0.1465119226521337,2635.0
2021-01-26,35.8,93.1,5.8,29.8,0.4808888258801569,0.6437387149355984,,,79041.12085729706,7000.0,2700.0,0.18,0.1154212105686891,0.1465119226521337,2635.0
2021-01-27,46.8,97.7,5.0,29.6,0.6558580125108828,1.3538342556720042,,,78866.46518607368,8100.0,2900.0,0.2063,0.1154212105686891,0.1465119226521337,2635.0
2021-01-28,51.5,92.8,10.0,29.4,0.6445863954043087,0.6072366116803374,,,78357.1888363382,9200.0,3300.0,0.35,0.1154212105686891,0.1465119226521337,2635.0
2021-01-29,48.8,85.5,11.8,29.3,0.7266357721483913,0.2236944099629818,,,78058.23118142603,14300.0,4400.0,0.3267,0.1154212105686891,0.1465119226521337,2635.0
2021-01-30,42.3,91.8,12.0,29.2,0.7836211792012291,0.00529799770331,,,77640.23966316385,13300.0,4400.0,0.1294,0.1154212105686891,0.1465119226521337,2635.0
2021-02-01,38.8,92.1,5.5,29.2,0.8936717536416603,0.30720968565328,,,77376.35181100389,10000.0,2800.0,0.1176,0.1154212105686891,0.1465119226521337,2635.0
2021-02-02,49.1,93.8,10.8,29.2,0.9029770027893872,0.4435425353050833,,,76946.51386624851,8300.0,2700.0,0.3588,0.1154212105686891,0.1465119226521337,2635.0
2021-02-03,46.2,89.5,6.7,29.2,0.9610456783225488,0.7843120024519201,,,76883.57128749946,7900.0,2500.0,0.2706,0.1154212105686891,0.1465119226521337,2635.0
2021-02-04,42.0,95.5,4.3,29.6,1.0250739203876065,0.3675780416492293,,,76429.79300151716,9500.0,2800.0,0.1824,0.1154212105686891,0.1465119226521337,2635.0
2021-02-05,46.1,90.0,5.1,29.6,1.0488937250124502,0.2809717575822859,,,76279.07767152066,13600.0,3700.0,0.4235,0.1154212105686891,0.1465119226521337,2635.0
2021-02-06,43.1,92.5,5.0,29.5,1.0582693170987305,0.021216073137915,,,75615.27730113889,13300.0,4100.0,0.5235,0.1154212105686891,0.1465119226521337,2635.0
2021-02-07,33.8,88.1,16.1,29.4,1.1368061576486248,0.4343072222458743,,,75488.50231236928,13900.0,3700.0,0.3235,0.1154212105686891,0.1465119226521337,2635.0
2021-02-08,28.9,83.0,14.3,29.4,1.1412592429982718,0.9118339995149154,,,75433.00424861607,10300.0,2900.0,0.3176,0.1154212105686891,0.1465119226521337,2635.0
2021-02-09,29.5,79.6,10.5,29.5,1.1028457590722984,0.7605899272855081,,,75306.22925984643,7600.0,2200.0,0.2882,0.1154212105686891,0.1465119226521337,2635.0
2021-02-10,30.6,72.3,9.5,29.7,1.0538197032169851,0.3142047024739087,,,74961.27070671364,9300.0,2600.0,0.4765,0.1154212105686891,0.1465119226521337,2635.0
2021-02-11,28.2,81.0,8.5,30.1,1.1034026889483854,0.8716364900500936,,,74651.97517718072,10400.0,3500.0,0.5235,0.1154212105686891,0.1465119226521337,2635.0
2021-02-12,29.1,66.8,13.0,30.2,1.0844684792056178,0.6700193958331504,,,74429.19133526317,17200.0,5200.0,0.6706,0.1154212105686891,0.1465119226521337,2635.0
2021-02-13,29.1,62.7,9.6,30.2,1.088821039854293,0.5767743220387864,,,74027.64652104865,18700.0,6600.0,0.5765,0.1154212105686891,0.1465119226521337,2635.0
2021-02-14,35.9,65.3,9.8,30.1,1.0598248681689375,0.3382146016178464,,,73893.25415097956,18700.0,5400.0,0.2053,0.1154212105686891,0.1465119226521337,2635.0
2021-02-15,47.0,92.1,8.3,29.9,1.0732673506048014,0.9072001667723342,,,73773.97279938919,8400.0,2400.0,0.5474,0.1154212105686891,0.1465119226521337,2635.0
2021-02-16,47.9,89.0,10.5,29.6,1.0587894481456634,0.8180626101969095,,,73455.67508080447,6600.0,2100.0,0.2789,0.1154212105686891,0.1465119226521337,2635.0
2021-02-17,49.2,89.0,13.1,29.6,1.0509765816276335,1.026276391181678,,,72912.71373606907,8300.0,2400.0,0.2105,0.1154212105686891,0.1465119226521337,2635.0
2021-02-18,46.9,79.6,10.8,29.4,1.0452992643857644,0.9541150184136544,,,72343.80852175345,8100.0,2600.0,0.4,0.1154212105686891,0.1465119226521337,2635.0
2021-02-19,47.1,84.8,10.4,29.6,1.028614104508874,0.8349295353376773,,,71808.48818074759,12100.0,3300.0,0.3105,0.1154212105686891,0.1465119226521337,2635.0
2021-02-20,54.9,68.5,12.3,29.4,1.042330249388577,0.8700887003967328,,,71667.56662670751,12900.0,4500.0,0.6263,0.1154212105686891,0.1465119226521337,2635.0
2021-02-21,51.9,77.7,5.0,29.6,1.0294042030764128,0.7591664746104295,,,71636.00890418119,13600.0,3900.0,0.4789,0.1154212105686891,0.1465119226521337,2635.0
2021-02-22,46.4,92.8,4.1,29.7,1.0266622670568293,0.9070774558540692,,,71579.81749789018,8800.0,2700.0,0.2278,0.1154212105686891,0.1465119226521337,2635.0
2021-02-23,50.0,80.4,11.0,30.0,1.029225008655013,1.2026389780186482,,,71459.37332703455,7300.0,2600.0,1.2063,0.1154212105686891,0.1465119226521337,2635.0
2021-02-24,54.1,70.8,10.4,30.0,1.0248713511856633,1.1031278482863307,,,71002.25582713002,9100.0,2700.0,0.9211,0.1154212105686891,0.1465119226521337,2635.0
2021-02-25,49.9,75.9,6.1,30.1,1.0076313126700411,0.9053109614566154,,,70692.98392002721,9900.0,3300.0,0.6737,0.1154212105686891,0.1465119226521337,2635.0
2021-02-26,42.3,72.9,2.7,30.4,0.9852444518414782,0.9160337838629848,,,70221.00288988439,15000.0,4800.0,1.0789,0.1154212105686891,0.1465119226521337,2635.0
2021-02-27,40.7,79.3,3.7,30.5,0.9985134568170978,0.9446666484714894,,,69377.79732685133,13900.0,4600.0,1.0368,0.1154212105686891,0.1465119226521337,2635.0
2021-02-28,41.9,85.7,8.4,30.4,0.9919000068636684,0.9817040373310956,,,68823.03867780611,16800.0,5100.0,0.825,0.1154212105686891,0.1465119226521337,2635.0
2021-03-01,42.5,85.5,9.3,30.2,0.9907762672510112,1.0884665622690468,,,68715.23252034836,12300.0,3900.0,0.8,0.1154212105686891,0.1465119226521337,2635.0
2021-03-02,40.5,90.0,6.0,30.2,0.9896621077414288,0.8513575872323441,,,68434.11310375702,10500.0,3900.0,0.6143,0.1154212105686891,0.1465119226521337,2635.0
2021-03-03,40.7,99.0,4.1,30.1,0.988634731781342,1.028459527262303,,,68135.61366163287,10400.0,3500.0,0.3714,0.1154212105686891,0.1465119226521337,2635.0
2021-03-04,41.8,90.0,7.4,30.0,0.9846919084114616,0.7555194062903021,,,67923.73166078387,11300.0,4400.0,0.2952,0.1154212105686891,0.1465119226521337,2635.0
2021-03-05,38.6,67.7,9.6,30.2,0.9820102675423232,0.6582656904327858,,,67740.31565677935,16300.0,5700.0,0.5857,0.1154212105686891,0.1465119226521337,2635.0
2021-03-06,35.6,80.1,4.5,30.3,0.9911057463865118,0.9073860736349484,,,66820.51592620763,13400.0,5000.0,0.7476,0.1154212105686891,0.1465119226521337,2635.0
2021-03-07,33.2,75.0,3.5,30.1,0.9921676594696668,1.107471693235033,,,66634.7799156423,16800.0,5200.0,0.8476,0.1154212105686891,0.1465119226521337,2635.0
2021-03-08,36.1,78.1,3.2,30.0,0.9899996995132854,1.291820560955668,,,66457.62573958475,11000.0,3500.0,0.8524,0.1154212105686891,0.1465119226521337,2635.0
2021-03-09,43.4,71.2,5.8,29.9,0.9888304004586992,1.0137133327570444,,,66168.95495978657,9100.0,3800.0,1.2143,0.1154212105686891,0.1465119226521337,2635.0
2021-03-10,45.7,87.5,14.3,29.6,0.9894556776026908,1.2860205099039257,,,65921.71030040798,9800.0,3200.0,0.2476,0.1154212105686891,0.1465119226521337,2635.0
2021-03-11,47.6,78.3,18.4,29.2,0.9889486302448964,1.2457769984135063,,,65787.11580963543,10300.0,4300.0,0.8429,0.1154212105686891,0.1465119226521337,2635.0
2021-03-12,44.7,79.3,12.8,29.4,0.9885613545669923,1.3825825812868735,,,65508.9793931917,15000.0,5300.0,0.7045,0.1154212105686891,0.1465119226521337,2635.0
2021-03-13,43.8,72.5,18.0,29.2,0.9939349955739216,1.2131104996121358,,,63970.908836408096,12300.0,4600.0,0.8045,0.1154212105686891,0.1465119226521337,2635.0
2021-03-14,45.3,74.6,13.6,29.7,0.9933147155755672,1.2937593009561998,,,63870.52169419285,16400.0,5000.0,0.5455,0.1154212105686891,0.1465119226521337,2635.0
2021-03-15,48.0,74.6,9.5,29.9,0.9926426371757492,1.422707802217027,,,63700.11869059332,11200.0,3500.0,0.7652,0.1154212105686891,0.1465119226521337,2635.0
2021-03-16,49.3,77.7,9.2,30.1,0.9953376410117116,1.4233019862722331,,,63514.08419228093,9700.0,4100.0,0.9087,0.1154212105686891,0.1465119226521337,2635.0
2021-03-17,44.9,75.1,9.1,30.3,0.9929760609201508,1.2882988857273467,,,63113.52479360948,9900.0,3900.0,0.6174,0.1154212105686891,0.1465119226521337,2635.0
2021-03-18,44.1,84.9,8.4,30.1,0.9921315924725552,1.2422897309334984,,,62651.00525985764,12000.0,5300.0,0.5435,0.1154212105686891,0.1465119226521337,2635.0
2021-03-19,44.8,72.6,11.7,30.1,0.9929350123330336,1.3204111448220848,,,62095.8963407866,14400.0,4700.0,1.0043,0.1154212105686891,0.1465119226521337,2635.0
2021-03-20,42.6,82.3,4.1,30.2,0.9947993173515964,1.4002726216648231,,,60704.945025220666,11800.0,4600.0,0.6391,0.1154212105686891,0.1465119226521337,2635.0
2021-03-21,47.5,72.3,8.0,30.1,0.9954694031459872,1.2380969273875335,,,60219.7177422463,15700.0,4700.0,1.1304,0.1154212105686891,0.1465119226521337,2635.0
2021-03-22,45.4,75.0,3.9,30.1,0.9951126628974176,1.2355650501415536,,,59866.81218834388,9600.0,2900.0,1.4652,0.1154212105686891,0.1465119226521337,2635.0
2021-03-23,43.5,80.7,5.6,30.0,0.9955066697907684,1.2764977758929472,,,59549.17292592744,8500.0,3400.0,1.1522,0.1154212105686891,0.1465119226521337,2635.0
2021-03-24,44.8,84.7,5.8,29.9,0.9964474373763238,1.1956589230052452,,,58793.20305377763,8600.0,2900.0,0.7458,0.1154212105686891,0.1465119226521337,2635.0
2021-03-25,46.4,89.2,8.3,29.9,0.9949596078396736,1.2711547586121257,,,58220.34960333403,11200.0,4100.0,1.0667,0.1154212105686891,0.1465119226521337,2635.0
2021-03-26,47.1,84.4,12.0,29.6,0.994630866313448,1.0699302482689512,,,57556.034700466975,16800.0,6000.0,0.6042,0.1154212105686891,0.1465119226521337,2635.0
2021-03-27,44.9,70.6,12.5,29.9,0.9979171856916792,1.4232935357976062,,,56889.68513752353,15800.0,7200.0,1.1458,0.1154212105686891,0.1465119226521337,2635.0
2021-03-28,49.7,78.8,13.6,30.0,0.9983125623636334,1.1504729315873676,,,56534.613670131526,19400.0,6600.0,0.6292,0.1154212105686891,0.1465119226521337,2635.0
2021-03-29,51.6,75.8,8.5,30.1,0.9980254595320206,1.1517281391311245,,,56263.68851625708,12500.0,4400.0,1.5125,0.1154212105686891,0.1465119226521337,2635.0
2021-03-30,53.2,65.1,2.9,30.1,0.9983821831361476,1.0364884237660823,,,55953.8244828578,11700.0,4700.0,1.6625,0.1154212105686891,0.1465119226521337,2635.0
2021-03-31,55.1,67.9,2.4,29.9,0.9989224229423728,1.0730251246948366,,,55481.314684415775,12700.0,4500.0,0.8542,0.1154212105686891,0.1465119226521337,2635.0
2021-04-01,49.9,79.2,11.2,30.0,0.9976768988586844,1.0331104261144408,,,55073.191875825934,16100.0,6300.0,1.0375,0.1154212105686891,0.1465119226521337,2635.0
2021-04-02,44.7,66.1,14.2,30.2,0.998044237805684,1.071631480376851,,,53995.38029037043,18200.0,6500.0,1.576,0.1154212105686891,0.1465119226521337,2635.0
2021-04-03,45.0,64.0,12.3,30.2,1.001543468054976,1.116003121368931,,,53940.9902917293,16100.0,6200.0,0.796,0.1154212105686891,0.1465119226521337,2635.0
2021-04-04,46.3,67.3,5.8,30.1,0.9998701471375108,1.03782481671836,,,53651.973779323846,14800.0,5200.0,1.808,0.1154212105686891,0.1465119226521337,2635.0
2021-04-05,42.8,54.2,11.8,29.8,0.9996280409771096,1.0374907566343152,,,53641.11542846898,15300.0,5100.0,0.6667,0.1154212105686891,0.1465119226521337,2635.0
2021-04-06,37.5,56.9,11.1,29.9,0.9996049234343723,1.1859932911060185,,,53593.10536992533,14300.0,5500.0,1.3095,0.1154212105686891,0.1465119226521337,2635.0
2021-04-07,37.0,61.5,8.0,30.0,0.9994644942850486,1.109905125222841,,,53018.01326137861,15600.0,6200.0,0.9423,0.1154212105686891,0.1465119226521337,2635.0
2021-04-08,43.8,62.0,8.3,29.9,0.9982887985461328,1.0331840789332722,,,52455.23596150144,18800.0,7700.0,1.1423,0.1154212105686891,0.1465119226521337,2635.0
2021-04-09,46.9,70.9,6.2,29.7,0.9981175620454372,1.1449859732417489,,,52245.91206883744,18800.0,6300.0,1.4269,0.1154212105686891,0.1465119226521337,2635.0
2021-04-10,42.5,81.8,10.4,29.7,0.999835531849402,1.111549951240502,,,51539.9482742917,17200.0,5400.0,0.5308,0.1154212105686891,0.1465119226521337,2635.0
2021-04-11,39.9,67.3,8.2,29.9,1.0005068788388627,1.000540554531938,,,51137.692438858125,22100.0,6200.0,1.0615,0.1154212105686891,0.1465119226521337,2635.0
2021-04-12,36.7,76.9,3.1,30.1,1.0008019698905164,1.296533619898523,,,51029.99876158113,15400.0,4600.0,1.1423,0.1154212105686891,0.1465119226521337,2635.0
2021-04-13,39.6,70.9,3.7,30.3,1.0004909396848678,1.147728393749304,,,50913.59950567618,11300.0,3900.0,1.0308,0.1154212105686891,0.1465119226521337,2635.0
2021-04-14,42.5,66.5,5.5,30.3,0.9996504967548798,1.1461027337139598,,,49831.774448772165,11800.0,3500.0,1.3077,0.1154212105686891,0.1465119226521337,2635.0
2021-04-15,41.3,70.9,7.4,30.3,0.9996699564753512,1.1454794028793231,,,49384.43304614285,12900.0,4400.0,1.3692,0.1154212105686891,0.1465119226521337,2635.0
2021-04-16,41.4,64.4,4.8,30.2,0.9999018259229456,1.108912823510074,,,48925.51147849312,18400.0,5900.0,1.4962,0.1154212105686891,0.1465119226521337,2635.0
2021-04-17,43.2,59.6,5.2,30.1,1.001261825347107,1.073991144616269,,,48491.171812329325,15500.0,5100.0,0.42,0.1154212105686891,0.1465119226521337,2635.0
2021-04-18,45.7,59.3,3.1,30.0,1.0011443360646772,1.0375343449825731,,,48163.851254137175,20200.0,5800.0,2.0846,0.1154212105686891,0.1465119226521337,2635.0
2021-04-19,47.8,69.7,3.1,29.9,1.0013918912931823,1.110060683086446,,,48034.86122969453,13400.0,4200.0,2.2038,0.1154212105686891,0.1465119226521337,2635.0
2021-04-20,49.8,69.2,3.4,29.8,1.00085431382444,1.0738814104851844,,,47930.31027760603,10300.0,3400.0,1.9593,0.1154212105686891,0.1465119226521337,2635.0
2021-04-21,47.5,72.8,9.3,29.9,1.0014749407373542,1.0016375362985022,,,47522.79946309634,10700.0,3500.0,1.6393,0.1154212105686891,0.1465119226521337,2635.0
2021-04-22,45.0,63.0,9.6,30.1,1.000248530905522,1.145601719389684,,,47101.40756201698,11900.0,4300.0,2.275,0.1154212105686891,0.1465119226521337,2635.0
2021-04-23,47.3,63.6,8.6,30.1,1.0006951999109386,1.073287488646946,,,46843.15640246118,17600.0,6100.0,2.3679,0.1154212105686891,0.1465119226521337,2635.0
2021-04-24,48.4,62.7,10.3,30.1,1.0019404769074676,1.0745956069514206,,,45479.03972308437,14400.0,4600.0,2.7071,0.1154212105686891,0.1465119226521337,2635.0
2021-04-25,46.2,70.9,13.9,30.1,1.0018887113245665,1.110475613418488,,,45219.109022675606,16100.0,4600.0,2.5929,0.1154212105686891,0.1465119226521337,2635.0
2021-04-26,44.6,64.9,11.6,29.9,1.0020475978440135,1.0022754173430333,,,44968.408131775446,11700.0,3800.0,2.3143,0.1154212105686891,0.1465119226521337,2635.0
2021-04-27,47.6,59.2,3.7,29.6,1.0021486380638749,1.0385279027702097,,,44702.67084433336,8500.0,3000.0,1.4107,0.1154212105686891,0.1465119226521337,2635.0
2021-04-28,46.5,69.5,8.3,29.5,1.0017766221517923,1.0741336061713187,,,44281.86465480871,10300.0,3100.0,0.3964,0.1154212105686891,0.1465119226521337,2635.0
2021-05-01,42.7,75.2,4.4,29.8,1.0024237247765684,1.0026876605768635,,,42814.89956306821,,,,0.1154212105686891,0.1465119226521337,2635.0
2021-05-02,44.5,78.3,4.8,29.9,1.0021223673643782,1.0382921491662402,,,42730.31302722297,,,,0.1154212105686891,0.1465119226521337,2635.0
2021-05-03,47.8,73.3,13.9,29.7,1.002962445841585,1.1466142699427233,,,42618.759659789575,12000.0,3600.0,0.9947,0.1154212105686891,0.1465119226521337,2635.0
2021-05-04,50.0,62.5,19.6,29.3,1.0024336682301196,1.145536495689058,,,42328.532300486615,9500.0,3000.0,2.1179,0.1154212105686891,0.1465119226521337,2635.0
2021-05-05,43.4,74.3,8.5,29.6,1.0017488979983875,1.108782166607018,,,41587.5507972465,10500.0,3000.0,1.6444,0.1154212105686891,0.1465119226521337,2635.0
2021-05-06,42.9,72.9,4.7,29.5,1.0014978871623914,1.1082210250718647,,,40818.050420331965,10800.0,3600.0,1.5214,0.1154212105686891,0.1465119226521337,2635.0
2021-05-07,48.0,54.6,7.8,29.8,1.00255143388719,1.1796931505125086,,,40050.4553274039,17300.0,5200.0,1.5069,0.1154212105686891,0.1465119226521337,2635.0
2021-05-08,54.1,77.9,12.2,29.5,1.0018135303817246,1.1762843268193808,,,38962.369225325,14400.0,4500.0,0.6207,0.1154212105686891,0.1465119226521337,2635.0
2021-05-09,60.1,74.6,9.0,29.2,1.0013468433515935,1.0362913734373291,,,38908.22671492428,18200.0,5100.0,1.4069,0.1154212105686891,0.1465119226521337,2635.0
2021-05-10,54.5,75.5,11.4,29.3,1.0015126651392714,1.0364565542562745,,,38496.81569191888,13700.0,3800.0,1.7448,0.1154212105686891,0.1465119226521337,2635.0
2021-05-11,52.1,74.3,7.9,29.5,1.0015130379881585,1.071176279136778,35.634370779487405,,38321.30804766796,9600.0,3300.0,1.6233,0.1154212105686891,0.1465119226521337,2635.0
2021-05-12,54.0,67.7,8.3,29.6,1.0011112716026804,1.1052279504429243,21.788720539836145,,37611.06233109852,10500.0,3100.0,1.5767,0.1154212105686891,0.1465119226521337,2635.0
2021-05-13,50.9,80.0,7.6,29.5,1.0009006910524418,1.035248866558716,6.77661812903543,,36667.43990045744,10800.0,3300.0,0.9433,0.1154212105686891,0.1465119226521337,2635.0
2021-05-14,52.6,73.8,4.3,29.6,1.0008954070161298,1.0009424880486135,1.0003111641670055,,36146.95680716451,15200.0,4500.0,0.7567,0.1154212105686891,0.1465119226521337,2635.0
2021-05-15,51.0,86.7,6.6,29.3,1.0014191602581135,1.070035611152315,9.671837774629466,,35026.47493356647,12300.0,3400.0,1.0867,0.1154212105686891,0.1465119226521337,2635.0
2021-05-16,51.0,90.8,6.4,29.3,1.0014351958814525,1.069237479819278,7.941060785035516,,34895.878112884406,15700.0,4100.0,1.1967,0.1154212105686891,0.1465119226521337,2635.0
2021-05-17,52.6,84.6,7.6,29.5,1.0014078009773182,1.0353376940035677,6.787140575762489,,34732.87910594144,16400.0,4500.0,1.39,0.1154212105686891,0.1465119226521337,2635.0
2021-05-18,51.1,85.4,6.8,29.7,1.001144499324285,1.1024562031152092,12.578273345082811,,34266.95700027003,12800.0,3800.0,1.8433,0.1154212105686891,0.1465119226521337,2635.0
2021-05-19,53.8,72.0,8.2,29.8,1.0013141342828789,1.0013979029246252,1.0004709080692842,,33733.93789259255,14800.0,4000.0,2.0633,0.1154212105686891,0.1465119226521337,2635.0
2021-05-20,51.1,80.1,11.9,29.7,1.0010110943055623,1.0677721832730798,7.320633603442545,,33131.60299258952,16200.0,4800.0,1.01,0.1154212105686891,0.1465119226521337,2635.0
2021-05-21,52.4,77.0,19.7,29.3,1.000970017280843,1.034350758092434,5.173101357985682,,32203.68425569063,23500.0,7900.0,0.84,0.1154212105686891,0.1465119226521337,2635.0
2021-05-22,52.0,79.3,8.8,29.4,1.001086162060688,1.099831476847514,10.208426397302745,,31180.632023913597,18700.0,6300.0,1.43,0.1154212105686891,0.1465119226521337,2635.0
2021-05-23,49.6,78.1,10.9,29.6,1.0010201828844691,1.1322002344565352,12.135746460165072,,30881.469588202635,24000.0,7400.0,1.3567,0.1154212105686891,0.1465119226521337,2635.0
2021-05-24,48.9,85.2,8.7,29.4,1.0012649141700476,1.1306258281582675,9.440034245306364,,30719.81886250705,18000.0,6000.0,1.3333,0.1154212105686891,0.1465119226521337,2635.0
2021-05-25,50.6,79.0,10.2,29.7,1.0009971660723105,1.0010412976169634,1.000350056672423,,30292.97870268009,14500.0,5100.0,1.1167,0.1154212105686891,0.1465119226521337,2635.0
2021-05-26,53.2,71.3,7.9,29.7,1.0010232718278478,1.033032603396307,3.4536968106934816,,29697.671717775327,18900.0,6900.0,1.9367,0.1154212105686891,0.1465119226521337,2635.0
2021-05-27,57.0,67.0,4.2,29.9,1.0005379989860872,1.0961832682150352,7.077527106616969,,28989.770412968846,19300.0,7800.0,2.2267,0.1154212105686891,0.1465119226521337,2635.0
2021-05-28,57.3,75.4,4.2,30.0,1.0012648975265943,1.0328440928478644,3.2738334730720124,,28383.810169787117,28600.0,11100.0,1.4417,0.1154212105686891,0.1465119226521337,2635.0
2021-05-29,59.7,65.8,8.3,30.1,1.0012550647826242,1.094599118989406,7.481401736961621,,26661.18002731061,28500.0,14100.0,2.3033,0.1154212105686891,0.1465119226521337,2635.0
2021-05-30,54.1,78.9,8.9,30.1,1.0011230540616398,1.2454947500391862,13.61499232620182,,26270.37576357957,37800.0,20400.0,2.5833,0.1154212105686891,0.1465119226521337,2635.0
2021-05-31,59.3,73.3,7.5,29.9,1.0012506857527068,1.1534032469158415,8.075243410879914,,26108.63969759197,26400.0,11200.0,2.6667,0.1154212105686891,0.1465119226521337,2635.0
2021-06-01,63.8,58.9,8.5,29.7,1.0011145074286405,1.1210819160287342,5.872362630904143,,25765.18461332895,25600.0,10800.0,3.0967,0.1154212105686891,0.1465119226521337,2635.0
2021-06-02,67.0,60.8,6.9,29.7,1.0007910201332495,1.1189833419302464,5.688204244542084,,25187.07993845572,24500.0,10000.0,2.0452,0.1154212105686891,0.1465119226521337,2635.0
2021-06-03,64.3,76.2,7.0,29.9,1.000803064516544,1.1751917085518464,7.3345462935617425,,24661.102981690397,26200.0,11500.0,2.4194,0.1154212105686891,0.1465119226521337,2635.0
2021-06-04,57.3,90.8,5.4,30.0,1.001092119905222,1.1441877090153505,5.945781689850437,,23913.41645630125,35500.0,16700.0,1.0839,0.1154212105686891,0.1465119226521337,2635.0
2021-06-05,61.5,72.2,5.2,30.0,1.0013934695805689,1.170331841118886,6.782010441137445,,22554.07558087775,40400.0,20700.0,2.4688,0.1154212105686891,0.1465119226521337,2635.0
2021-06-06,62.4,77.6,4.5,30.0,1.0010058797078485,1.2194877285690058,8.039652678785723,,22316.997024367403,46900.0,22700.0,2.2188,0.1154212105686891,0.1465119226521337,2635.0
2021-06-07,61.8,80.8,5.1,30.0,1.0011934647778575,1.0809695221405686,3.5980019152834464,,21952.653351804267,33700.0,16700.0,2.2344,0.1154212105686891,0.1465119226521337,2635.0
2021-06-08,63.0,73.6,4.7,30.0,1.001068246091594,1.3602313167428228,10.77057692417254,,21414.96419383331,21600.0,8900.0,3.0,0.1154212105686891,0.1465119226521337,2635.0
2021-06-09,64.1,66.4,6.3,29.9,1.000836659208283,1.2273053794798392,6.795021294928977,,20877.046320854373,23600.0,9900.0,3.1781,0.1154212105686891,0.1465119226521337,2635.0
2021-06-10,64.1,83.7,7.0,29.9,1.0007140547353042,1.0496503667301442,2.356311281374903,,20347.243777530133,23400.0,9800.0,2.1063,0.1154212105686891,0.1465119226521337,2635.0
2021-06-11,64.3,84.6,7.8,29.9,1.0006836740583889,1.1429886913977971,4.927339595476986,,19768.319355903608,29800.0,12300.0,2.0563,0.1154212105686891,0.1465119226521337,2635.0
2021-06-12,67.0,63.4,6.6,30.0,1.0010732455275648,1.161813702774745,5.337671599800936,,19123.88752420489,31300.0,14500.0,2.975,0.1154212105686891,0.1465119226521337,2635.0
2021-06-13,67.3,67.4,4.3,30.1,1.001363378823261,1.2671394368218938,7.507465797351091,,18789.633540634848,34300.0,14000.0,3.1844,0.1154212105686891,0.1465119226521337,2635.0
2021-06-14,69.9,64.5,4.7,29.9,1.0012709362799954,1.211791332692952,6.113844678333671,,18456.45649045384,24300.0,10500.0,2.9406,0.1154212105686891,0.1465119226521337,2635.0
2021-06-15,67.4,65.8,6.6,29.9,1.0012520649524432,1.2445012080395386,6.500518816512729,,18056.17195709938,20800.0,8100.0,3.025,0.1154212105686891,0.1465119226521337,2635.0
2021-06-16,68.4,73.7,4.7,29.7,1.000968480640751,1.2156046734416437,5.63529436395925,,17578.559395329186,22000.0,9000.0,2.625,0.1154212105686891,0.1465119226521337,2635.0
2021-06-17,65.3,92.3,5.7,29.6,1.0007495298712237,1.2630512829123768,6.407950253521067,,16971.444936726333,23700.0,9700.0,1.2484,0.1154212105686891,0.1465119226521337,2635.0
2021-06-18,59.7,95.1,8.5,29.7,1.0012393727246396,1.1813871201265354,4.641751983390148,,16364.482382092328,28400.0,12500.0,0.4438,0.1154212105686891,0.1465119226521337,2635.0
2021-06-19,56.4,89.0,6.8,29.7,1.0014214628014693,1.2067150791522498,5.736438064482588,,15683.928765038692,30300.0,14300.0,0.6656,0.1154212105686891,0.1465119226521337,2635.0
2021-06-20,59.9,87.6,6.8,29.6,1.0010169547521892,1.2554647464466957,6.490705221666532,,15581.756328310672,32400.0,12800.0,1.05,0.1154212105686891,0.1465119226521337,2635.0
2021-06-21,54.9,87.8,12.8,29.6,1.0011338128276042,1.3404427372665972,7.594223072807122,,15333.147823514531,25900.0,10400.0,0.7938,0.1154212105686891,0.1465119226521337,2635.0
2021-06-22,56.5,71.6,12.7,29.9,1.0011159157117553,1.31844755575705,6.438800795580418,,15062.794145380918,22000.0,8800.0,1.7281,0.1154212105686891,0.1465119226521337,2635.0
2021-06-23,57.9,65.2,5.6,30.0,1.0010519632331911,1.256800964647315,5.377282008887511,,14735.260985317913,23900.0,9200.0,2.4063,0.1154212105686891,0.1465119226521337,2635.0
2021-06-24,60.3,73.5,5.1,29.9,1.000773297221107,1.2835362724960893,5.78333697338657,,14286.158693377974,24700.0,10000.0,1.2125,0.1154212105686891,0.1465119226521337,2635.0
2021-06-25,61.5,78.5,6.6,29.8,1.0010120710759522,1.2342477310970903,4.911277421003414,,13913.261346155736,32200.0,13100.0,1.7781,0.1154212105686891,0.1465119226521337,2635.0
2021-06-26,61.4,74.2,5.6,29.8,1.0015235407073293,1.244883272379667,5.082070201437938,,13337.828042420306,31300.0,14900.0,2.025,0.1154212105686891,0.1465119226521337,2635.0
2021-06-27,62.6,90.0,9.5,29.7,1.0015264604672585,1.2386232911967991,4.954371731729753,,13215.767688709058,34800.0,13500.0,0.2556,0.1154212105686891,0.1465119226521337,2635.0
2021-06-28,64.6,88.5,5.0,29.7,1.0015384152416025,1.3590722651538487,6.73268945006274,,12917.503925301626,29000.0,11000.0,0.8938,0.1154212105686891,0.1465119226521337,2635.0
2021-06-29,61.1,84.5,7.8,29.7,1.0012898698212451,1.3156182984937397,5.907145856830606,,12654.198030049894,24800.0,9700.0,1.4063,0.1154212105686891,0.1465119226521337,2635.0
2021-06-30,58.9,79.2,6.5,29.8,1.0011295818385777,1.3127992595188955,5.946715615436051,,12321.274882851088,28500.0,11400.0,1.4563,0.1154212105686891,0.1465119226521337,2635.0
2021-07-01,62.4,80.1,3.5,29.8,1.0010937496084995,1.1737338746665085,4.277686132030084,,12089.479465265504,29500.0,13300.0,1.7484,0.1154212105686891,0.1465119226521337,2635.0
2021-07-02,64.7,80.1,4.2,29.8,1.0011847545283932,1.1131634742246754,3.5670453410224146,,11881.94595349978,33300.0,15600.0,2.2,0.1154212105686891,0.1465119226521337,2635.0
2021-07-03,62.6,86.3,6.6,29.7,1.0017453922080295,1.1074476924102212,3.828131673286897,,11238.775731017402,34800.0,18000.0,1.429,0.1154212105686891,0.1465119226521337,2635.0
2021-07-04,62.0,85.2,8.0,29.6,1.0018241967763346,1.127162796190542,3.963943579004406,,11164.13033767892,35900.0,15700.0,1.7968,0.1154212105686891,0.1465119226521337,2635.0
2021-07-05,60.8,80.3,8.2,29.5,1.0019365056331029,1.130278572383981,3.695972763721964,,10926.949782155216,31400.0,13900.0,1.9903,0.1154212105686891,0.1465119226521337,2635.0
2021-07-06,59.3,84.3,11.2,29.3,1.0019608113496468,1.1445667426669288,3.49706049915335,,10717.44926854108,25100.0,11300.0,1.9129,0.1154212105686891,0.1465119226521337,2635.0
2021-07-07,60.9,80.9,9.3,29.7,1.0019085678232051,1.1474060458008084,3.7529164658949057,,10305.123697282894,26200.0,12000.0,1.6774,0.1154212105686891,0.1465119226521337,2635.0
2021-07-08,62.3,82.6,7.1,29.9,1.0015683174664338,1.121085599764812,3.752173525349361,,9908.614845531858,30600.0,16100.0,1.6483,0.1154212105686891,0.1465119226521337,2635.0
2021-07-09,64.0,77.9,5.5,29.9,1.0016354984423423,1.0989810083777305,3.3725393169548825,,9450.739079548106,37800.0,20100.0,2.5968,0.1154212105686891,0.1465119226521337,2635.0
2021-07-10,59.6,82.4,2.5,29.8,1.002018613748227,1.0451490209185383,2.7030303173023955,,8950.201083681783,46300.0,27200.0,1.3065,0.1154212105686891,0.1465119226521337,2635.0
2021-07-11,59.5,83.3,4.7,29.8,1.0030390143184176,1.1023752779148608,4.887084832600879,,8890.888697309098,43400.0,19900.0,1.4,0.1154212105686891,0.1465119226521337,2635.0
2021-07-12,61.3,89.8,5.7,29.6,1.0031719071006846,1.0710674478910325,3.7983404039316224,,8622.417775283058,36900.0,20300.0,1.8677,0.1154212105686891,0.1465119226521337,2635.0
2021-07-13,65.6,79.6,7.3,29.7,1.0032754114673783,1.1248512925256329,3.8868776239902174,,8308.96140775138,29700.0,16500.0,1.8452,0.1154212105686891,0.1465119226521337,2635.0
2021-07-14,67.2,70.7,9.1,29.8,1.003083781964962,1.241150226147666,6.092887766242236,,7927.152606551234,31700.0,16500.0,2.1452,0.1154212105686891,0.1465119226521337,2635.0
2021-07-15,65.4,72.4,9.1,30.0,1.0025838279248802,1.2310743822103962,5.244668096324332,,7565.64456758539,34000.0,18900.0,1.5935,0.1154212105686891,0.1465119226521337,2635.0
2021-07-16,66.5,64.2,8.5,30.1,1.0030675263092776,1.1062094579448072,2.689801619351844,,7268.907892095077,44100.0,24900.0,3.3033,0.1154212105686891,0.1465119226521337,2635.0
2021-07-17,69.6,67.8,6.2,30.1,1.004484339214853,1.108753624172314,3.181296471669386,,6732.466656493551,51600.0,31300.0,3.2,0.1154212105686891,0.1465119226521337,2635.0
2021-07-18,73.8,63.8,3.7,30.0,1.0042744272552044,1.1138849531947246,3.2053647500436138,,6653.88507373865,51200.0,26000.0,3.1,0.1154212105686891,0.1465119226521337,2635.0
2021-07-19,73.3,68.9,4.5,29.9,1.0045301217431657,1.0953359780010907,2.41275337742505,,6605.751271074751,57600.0,32300.0,2.82,0.1154212105686891,0.1465119226521337,2635.0
2021-07-20,72.9,68.7,4.7,29.9,1.0043163927698384,1.0682037756968028,2.152380996209945,,6352.447999003842,46400.0,25800.0,2.9533,0.1154212105686891,0.1465119226521337,2635.0
2021-07-21,72.4,74.2,3.8,30.0,1.0042431540136243,1.0450858597613482,1.226045563648987,,6110.447054761924,42900.0,22900.0,2.3167,0.1154212105686891,0.1465119226521337,2635.0
2021-07-22,70.9,71.4,5.5,30.0,1.0033267883134012,1.0233788628224092,0.7570884724685687,,5831.838501495407,43600.0,23700.0,2.025,0.1154212105686891,0.1465119226521337,2635.0
2021-07-23,64.4,79.0,11.2,29.8,1.0039190871683523,1.0217415415983873,0.600634349704527,,5605.7967941132665,56000.0,31300.0,3.0,0.1154212105686891,0.1465119226521337,2635.0
2021-07-24,66.0,81.0,7.2,29.5,1.0057517373157532,1.0223566347919415,0.5009664052627576,,5366.490843439246,69100.0,41000.0,0.75,0.1154212105686891,0.1465119226521337,2635.0
2021-07-25,63.9,92.0,5.4,29.5,1.0057316605725997,1.0251202489785485,0.6517670742440729,,5321.819998817804,71100.0,36200.0,0.82,0.1154212105686891,0.1465119226521337,2635.0
2021-07-26,66.7,84.1,5.1,29.6,1.0059605412890935,1.0209419352730318,1.244291940025304,,5137.723010766142,59100.0,33000.0,1.6067,0.1154212105686891,0.1465119226521337,2635.0
2021-07-27,63.5,85.9,6.8,29.6,1.0061854310606777,1.0173012390420162,0.7071208437336842,,5000.42413980948,52500.0,29100.0,1.7167,0.1154212105686891,0.1465119226521337,2635.0
2021-07-28,63.3,78.4,11.8,29.5,1.0055614029445783,1.0203474474762402,1.133808429264882,,4564.528676912963,53700.0,29600.0,1.4033,0.1154212105686891,0.1465119226521337,2635.0
2021-07-29,61.4,71.2,9.8,29.6,1.0042636867765642,1.0222190977304453,1.4770799313425025,,4379.367113962902,59500.0,34100.0,2.18,0.1154212105686891,0.1465119226521337,2635.0
2021-07-30,61.1,81.3,12.2,29.4,1.0048838173802843,1.0175336752298207,0.9460520579711064,,4027.5049388190023,78100.0,45600.0,1.1897,0.1154212105686891,0.1465119226521337,2635.0
2021-07-31,60.8,86.1,6.8,29.6,1.0080033105349877,1.019322948343773,0.8869212335117795,,3530.8594049675453,96500.0,60000.0,1.231,0.1154212105686891,0.1465119226521337,2635.0
2021-08-01,60.8,89.1,4.2,29.6,1.008625691821181,1.021044175060348,1.0473439056587055,,3493.6585750952663,86500.0,50200.0,1.3448,0.1154212105686891,0.1465119226521337,2635.0
2021-08-02,58.8,82.6,3.9,29.7,1.0094651540117738,1.0249349448213425,1.4270455006047662,,3466.9703634705666,77700.0,44100.0,1.4931,0.1154212105686891,0.1465119226521337,2635.0
2021-08-03,59.8,80.0,3.5,29.7,1.0092497939016638,1.026184922883676,1.704432748119615,,3298.899724922485,59200.0,33700.0,2.2276,0.1154212105686891,0.1465119226521337,2635.0
2021-08-04,60.6,78.9,3.4,29.7,1.0090974087569855,1.0263728267764494,1.7548597360068112,,3140.451873350463,65900.0,37300.0,1.8517,0.1154212105686891,0.1465119226521337,2635.0
2021-08-05,60.6,86.3,7.1,29.5,1.0084462533252814,1.0241235519518934,1.5340590771736262,,2788.133125553935,72200.0,42000.0,1.1103,0.1154212105686891,0.1465119226521337,2635.0
2021-08-06,63.0,80.0,11.7,29.3,1.0093978494383578,1.022779010370131,1.3850026545858145,,2491.987793588057,90900.0,53600.0,1.7179,0.1154212105686891,0.1465119226521337,2635.0
2021-08-07,61.1,85.4,9.6,29.3,1.0146906495426422,1.0319775932200337,1.7345710365968654,,2420.3557493481712,109600.0,69300.0,1.3828,0.1154212105686891,0.1465119226521337,2635.0
2021-08-08,60.2,82.9,10.7,29.5,1.01420177882059,1.029609460549909,1.6130978588424176,,2368.9189508706004,119200.0,68600.0,1.175,0.1154212105686891,0.1465119226521337,2635.0
2021-08-09,60.9,85.3,8.8,29.7,1.0145481735213933,1.0133443855471491,1.8355357999002548,,2304.212822715629,95400.0,54600.0,1.5321,0.1154212105686891,0.1465119226521337,2635.0
2021-08-10,63.9,75.8,6.5,29.8,1.0146153322227385,1.0134065167092434,2.0141687029523867,,2258.082548405081,84200.0,47800.0,2.0036,0.1154212105686891,0.1465119226521337,2635.0
2021-08-11,62.6,77.9,5.8,29.9,1.0132346139382302,1.0121378906990155,1.804681791114574,,1994.2430356564987,86100.0,49900.0,1.9071,0.1154212105686891,0.1465119226521337,2635.0
2021-08-12,64.3,82.1,6.8,29.9,1.0121702603246985,1.0111599418946668,1.6575647746139452,,1679.519972522956,89000.0,51600.0,1.075,0.1154212105686891,0.1465119226521337,2635.0
2021-08-13,62.5,82.3,7.7,29.9,1.0128361136882245,1.0117722435200869,0.6959243248618711,,1354.2115465283075,104200.0,60400.0,1.3893,0.1154212105686891,0.1465119226521337,2635.0
2021-08-14,64.9,77.9,6.0,29.9,1.0178411807661305,1.0163731559974634,1.2799398666556403,,834.1660154677287,125100.0,78700.0,1.7929,0.1154212105686891,0.1465119226521337,2635.0
2021-08-15,63.5,80.0,8.3,29.7,1.0186790239925625,1.0171439245393017,1.6097285988547243,,774.8281293417019,128100.0,72600.0,1.5857,0.1154212105686891,0.1465119226521337,2635.0
2021-08-16,60.9,70.7,9.6,29.8,1.020032872534581,1.0183891271347416,1.7113865975985183,,738.5426304942844,111500.0,63200.0,1.3679,0.1154212105686891,0.1465119226521337,2635.0
2021-08-17,59.4,81.7,7.0,29.9,1.017115664804945,1.015708060346606,1.4094281190751123,,711.0990500735116,97400.0,54900.0,0.7381,0.1154212105686891,0.1465119226521337,2635.0
2021-08-18,63.7,81.9,8.9,29.8,1.01627010008185,1.0149312430294115,1.5119474723707191,,494.91823129162384,100400.0,57900.0,1.7964,0.1154212105686891,0.1465119226521337,2635.0
2021-08-19,61.1,79.8,7.3,29.7,1.0141680577380634,1.012999202354819,1.5351930045699853,,58.77152550821497,108800.0,63800.0,1.5071,0.1154212105686891,0.1465119226521337,2635.0
2021-08-20,63.8,82.0,5.6,29.8,1.0153926682962084,1.0141254452255226,1.347006253119342,,-295.9635958927399,126400.0,74100.0,0.9704,0.1154212105686891,0.1465119226521337,2635.0
2021-08-21,62.6,89.4,4.6,29.8,1.022667744512351,1.0208147296144208,1.0074526839688027,,-996.9980389981572,138100.0,88000.0,0.863,0.1154212105686891,0.1465119226521337,2635.0
2021-08-22,65.5,79.4,8.3,29.9,1.0239447039543377,1.0219897789824897,2.090419860529341,,-1057.942721363586,140700.0,83600.0,1.5926,0.1154212105686891,0.1465119226521337,2635.0
2021-08-23,63.6,76.5,8.3,30.1,1.0278301696848364,1.0255635832025771,1.5145001879676654,,-1097.0724576524472,125500.0,72300.0,1.25,0.1154212105686891,0.1465119226521337,2635.0
2021-08-24,61.9,75.9,10.1,30.1,1.0313162917918686,1.0287707316014405,1.20174064540455,,-1217.6696270281086,115400.0,66900.0,1.8231,0.1154212105686891,0.1465119226521337,2635.0
2021-08-25,62.0,75.7,7.7,30.0,1.0274163097518505,1.0251858359495298,1.5672018528534992,,-1431.6504287229109,120900.0,70300.0,1.6158,0.1154212105686891,0.1465119226521337,2635.0
2021-08-26,62.3,68.0,9.9,29.9,1.0183581265720405,1.0168566169779738,0.9287510819228196,,-1652.2331590022086,127000.0,74200.0,1.08,0.1154212105686891,0.1465119226521337,2635.0
2021-08-27,60.3,70.3,8.0,30.0,1.0167578642709183,1.0153854605027093,0.9010770980694864,,-2008.2585984351165,141900.0,83500.0,1.3692,0.1154212105686891,0.1465119226521337,2635.0
2021-08-28,59.7,76.7,7.2,30.1,1.0218371222423996,1.0200573901840673,1.0391583870374994,,-2270.9844141018657,154100.0,98200.0,1.5808,0.1154212105686891,0.1465119226521337,2635.0
2021-08-29,59.0,74.3,6.5,30.0,1.0181397006404092,1.016657477574988,1.3329577822150995,,-2332.4731951315425,152700.0,90400.0,0.5125,0.1154212105686891,0.1465119226521337,2635.0
2021-08-30,60.3,79.2,10.1,30.1,1.0158208316608417,1.0145251935254398,1.652817993550164,,-2351.8897580640523,151200.0,86100.0,0.3667,0.1154212105686891,0.1465119226521337,2635.0
2021-09-01,61.4,73.6,9.5,30.2,1.0112301660916776,1.0103034173031054,1.190578951375696,,-2610.1315310036484,123900.0,68200.0,1.1731,0.1154212105686891,0.1465119226521337,2635.0
2021-09-02,61.0,75.7,9.5,30.1,1.0091107928167304,1.0083541918079375,1.4266648512211648,,-2657.930627811881,116900.0,62200.0,1.4308,0.1154212105686891,0.1465119226521337,2635.0
2021-09-03,60.6,82.3,6.9,29.9,1.0087861473372484,1.00805570873698,1.0305377940842446,,-2963.4711262970227,126600.0,71500.0,1.4423,0.1154212105686891,0.1465119226521337,2635.0
2021-09-04,61.2,84.7,8.3,29.8,1.0122385460030148,1.0112315034877777,1.0072411255787783,,-3140.693197770442,125800.0,77200.0,1.0808,0.1154212105686891,0.1465119226521337,2635.0
2021-09-05,65.5,82.9,4.9,29.9,1.0120865955066998,1.0110919695809473,1.8220607503337456,,-3185.065554644801,126300.0,71000.0,2.0538,0.1154212105686891,0.1465119226521337,2635.0
2021-09-06,68.1,78.4,2.5,30.0,1.0121769572882795,1.0111753260717946,1.4018291428083645,,-3207.57384325916,111100.0,59500.0,1.9846,0.1154212105686891,0.1465119226521337,2635.0
2021-09-07,69.2,71.6,5.3,29.9,1.0114005958217838,1.0104613815317154,1.3738046731091975,,-3223.700314452847,102200.0,53400.0,2.396,0.1154212105686891,0.1465119226521337,2635.0
2021-09-08,69.3,69.3,6.1,29.7,1.0090423706367408,1.0082922078531829,1.4818402006442382,,-3525.710742251726,111100.0,59000.0,2.216,0.1154212105686891,0.1465119226521337,2635.0
2021-09-09,65.5,87.7,5.9,29.6,1.007592927215991,1.0069589519775646,0.9701926851955268,,-3738.2321142574215,118300.0,63700.0,1.1208,0.1154212105686891,0.1465119226521337,2635.0
2021-09-10,65.2,85.5,7.0,29.6,1.0076974623547097,1.0070552080987036,0.8704957799822124,,-3976.500867109623,127400.0,69400.0,1.1625,0.1154212105686891,0.1465119226521337,2635.0
2021-09-11,64.7,76.0,6.7,29.8,1.0118214431603232,1.0108491868235874,1.0580627612066806,,-4294.288278848435,128400.0,77300.0,1.5043,0.1154212105686891,0.1465119226521337,2635.0
2021-09-12,60.2,78.3,3.7,29.9,1.0120168057771244,1.0110291353619187,1.3672345151880607,,-4318.676351695941,136100.0,76400.0,1.2958,0.1154212105686891,0.1465119226521337,2635.0
2021-09-13,60.2,83.1,7.5,29.8,1.0127390189120953,1.0116937980315837,1.313714315808133,,-4334.134980105177,115200.0,64100.0,1.3458,0.1154212105686891,0.1465119226521337,2635.0
2021-09-14,62.7,92.8,4.3,29.6,1.0118433574262338,1.0108700207564194,1.1268508639924923,,-4351.398770810794,99900.0,54500.0,0.7208,0.1154212105686891,0.1465119226521337,2635.0
2021-09-15,62.4,81.9,4.5,29.7,1.0103877352004853,1.0095310106043829,1.17802090485743,,-4533.9654618830655,111700.0,58600.0,1.5958,0.1154212105686891,0.1465119226521337,2635.0
2021-09-16,60.3,83.2,4.2,29.8,1.0078586075671223,1.0072042603246871,1.2010642284829804,,-4697.401482091418,118100.0,63200.0,1.7292,0.1154212105686891,0.1465119226521337,2635.0
2021-09-17,60.5,84.0,4.0,29.7,1.0083200917239048,1.0076289453092722,1.1216888920502606,,-4980.725832793245,147400.0,80400.0,1.5333,0.1154212105686891,0.1465119226521337,2635.0
2021-09-18,63.1,76.0,4.5,29.7,1.0121194347188034,1.011124730084588,1.6965905481117711,,-5043.934435827281,154100.0,94200.0,1.5417,0.1154212105686891,0.1465119226521337,2635.0
2021-09-19,60.1,88.5,4.2,29.7,1.0117664311666412,1.0108001548868972,1.8989033330442124,,-5070.078548787734,162300.0,93000.0,0.8292,0.1154212105686891,0.1465119226521337,2635.0
2021-09-20,58.9,83.4,7.3,30.0,1.0121510941629477,1.0111542986273263,2.243916575516823,,-5214.254522042244,137100.0,76900.0,1.7348,0.1154212105686891,0.1465119226521337,2635.0
2021-09-21,59.1,80.8,2.4,30.2,1.0111137633502023,1.0102000375438331,1.93546017141036,,-5232.803517449213,109200.0,60700.0,1.6435,0.1154212105686891,0.1465119226521337,2635.0
2021-09-22,57.6,81.3,4.3,30.1,1.0098415467377333,1.0090295961204807,1.4539167307581031,,-5518.354973088884,115700.0,65500.0,1.7435,0.1154212105686891,0.1465119226521337,2635.0
2021-09-23,59.6,86.1,6.7,29.9,1.0082529835977796,1.0075680122960269,1.962930631250524,,-5833.1086285223255,125900.0,68200.0,1.4857,0.1154212105686891,0.1465119226521337,2635.0
2021-09-24,61.4,82.8,5.9,29.8,1.008369905126734,1.0078506768940274,1.5231420773334172,,-6025.821850992197,149800.0,82700.0,1.8304,0.1154212105686891,0.1465119226521337,2635.0
2021-09-25,60.9,89.8,2.5,29.7,1.0127574604592693,1.0117131484491328,1.5584459960375443,,-6231.987698572524,156100.0,97000.0,0.587,0.1154212105686891,0.1465119226521337,2635.0
2021-09-26,61.3,87.1,5.4,29.7,1.0123068623487126,1.0112987438469987,2.1128374656857747,,-6269.830648223655,166800.0,97100.0,1.4522,0.1154212105686891,0.1465119226521337,2635.0
2021-09-27,60.5,75.5,12.2,29.6,1.0127465783542788,1.011703604667999,1.8090684992518609,,-6293.789092000082,139400.0,82200.0,1.3739,0.1154212105686891,0.1465119226521337,2635.0
2021-09-28,56.2,85.7,7.5,29.8,1.0113091286046048,1.0103810366709318,1.6684081371368418,,-6359.514991345155,108800.0,62400.0,1.1136,0.1154212105686891,0.1465119226521337,2635.0
2021-09-29,52.5,75.2,10.4,29.9,1.0094767449461344,1.0086949600284334,1.7437804410139068,,-6782.510957598803,113500.0,65300.0,1.3045,0.1154212105686891,0.1465119226521337,2635.0
2021-09-30,53.7,84.2,9.1,29.9,1.00830676161023,1.007618394358733,1.3004671528599538,,-7081.821008443902,125700.0,71300.0,0.5091,0.1154212105686891,0.1465119226521337,2635.0
2021-10-01,57.0,84.9,9.6,29.6,1.007864651600003,1.0072116305850625,1.1008837356447936,,-7268.899577220431,140100.0,77500.0,1.0909,0.1154212105686891,0.1465119226521337,2635.0
2021-10-02,52.9,91.7,9.2,29.3,1.0115366315953331,1.0105910098027149,1.2563575707896537,,-7791.168298992768,139000.0,88200.0,0.2864,0.1154212105686891,0.1465119226521337,2635.0
2021-10-03,54.2,83.5,8.1,29.3,1.010378747930844,1.00952558677869,1.8149823911697287,,-7888.422332049018,113900.0,67300.0,1.1476,0.1154212105686891,0.1465119226521337,2635.0
2021-10-04,55.0,85.8,6.8,29.6,1.0105415570403602,1.0096755773904518,1.381134384139501,,-7917.685941308359,133600.0,77700.0,1.0952,0.1154212105686891,0.1465119226521337,2635.0
2021-10-05,55.1,80.5,13.0,29.4,1.0094693241634272,1.0086889178168736,1.013742960624089,,-7955.321769014608,103500.0,59700.0,0.8,0.1154212105686891,0.1465119226521337,2635.0
2021-10-06,54.2,73.0,10.9,29.9,1.0083854386238014,1.0076914915711712,1.31373938792248,,-8411.490569578427,98600.0,58500.0,1.5905,0.1154212105686891,0.1465119226521337,2635.0
2021-10-07,58.6,93.9,3.9,30.1,1.006580655459664,1.0060305462964416,1.3110998709782362,,-8642.343751824772,118700.0,66800.0,0.6905,0.1154212105686891,0.1465119226521337,2635.0
2021-10-08,59.1,93.6,2.9,30.2,1.0060520147532563,1.0055440655854309,1.0301920920618508,,-8878.674362074433,146200.0,80800.0,0.4857,0.1154212105686891,0.1465119226521337,2635.0
2021-10-09,52.8,89.2,2.4,30.1,1.0089466265812914,1.0082082428060617,1.1282471871554056,,-9284.02733645486,151400.0,95600.0,1.2524,0.1154212105686891,0.1465119226521337,2635.0
2021-10-10,53.5,88.6,4.2,30.2,1.0125564683564154,1.0115308383712724,1.3892034782354414,,-9309.244349747456,162000.0,96600.0,1.0857,0.1154212105686891,0.1465119226521337,2635.0
2021-10-11,49.7,84.5,4.7,30.2,1.0115961169177483,1.0106471337674985,1.4923305711943131,,-9361.815835512827,137000.0,79900.0,1.0381,0.1154212105686891,0.1465119226521337,2635.0
2021-10-12,51.2,88.0,4.8,30.1,1.0109986507373498,1.0100973934410913,1.7190845261723795,,-9421.022442206691,103900.0,61400.0,1.0667,0.1154212105686891,0.1465119226521337,2635.0
2021-10-13,52.5,84.9,3.6,30.1,1.0095610644262458,1.0087743430654974,1.4445373415092972,,-9863.100297717212,109800.0,65100.0,0.819,0.1154212105686891,0.1465119226521337,2635.0
2021-10-14,56.7,85.8,6.0,30.0,1.0075521397544258,1.006925349731223,1.6261227092815371,,-10236.023315219683,123000.0,69700.0,1.0286,0.1154212105686891,0.1465119226521337,2635.0
2021-10-15,54.5,84.3,5.8,29.9,1.0074017218612965,1.0067869738231383,1.3751170012561542,,-10560.3853759326,159100.0,89700.0,0.64,0.1154212105686891,0.1465119226521337,2635.0
2021-10-16,51.9,90.5,4.0,29.9,1.0113843771651985,1.010452981620477,1.8660724097978023,,-11057.001620903307,157600.0,101200.0,0.9316,0.1154212105686891,0.1465119226521337,2635.0
2021-10-17,52.9,87.0,4.0,29.8,1.009061648463674,1.0083151033772109,2.3385978463322368,,-11092.776830223193,170400.0,101200.0,0.7263,0.1154212105686891,0.1465119226521337,2635.0
2021-10-18,54.9,94.1,6.1,29.8,1.0082583320687637,1.0075757610986085,2.21240570891144,,-11126.454946658438,143900.0,84600.0,0.4333,0.1154212105686891,0.1465119226521337,2635.0
2021-10-19,63.8,88.3,12.3,29.7,1.0073298516445284,1.0067211778651128,1.9997162318641653,,-11247.364774547596,109500.0,65800.0,0.6474,0.1154212105686891,0.1465119226521337,2635.0
2021-10-20,59.5,85.2,12.8,29.3,1.006366002081132,1.0058340101509942,2.091497114941074,,-11570.182137413994,116000.0,69700.0,0.8737,0.1154212105686891,0.1465119226521337,2635.0
2021-10-21,47.8,75.0,11.8,29.5,1.0047685133124609,1.0043635409392615,1.7090620954136333,,-11915.024961587902,129900.0,77300.0,0.9684,0.1154212105686891,0.1465119226521337,2635.0
2021-10-22,48.1,77.8,8.0,29.9,1.0050862045022309,1.0046560140115743,1.0418683128592798,,-12226.398976991057,172500.0,103200.0,0.8526,0.1154212105686891,0.1465119226521337,2635.0
2021-10-23,51.9,76.9,3.1,30.0,1.0088526079139095,1.0081231681339209,1.4854392837153358,,-12791.087750043334,175900.0,116800.0,0.5684,0.1154212105686891,0.1465119226521337,2635.0
2021-10-24,55.3,75.0,7.5,29.8,1.0067195689271822,1.0061596974033715,1.8358871562258563,,-12807.334420953508,182600.0,113900.0,0.8,0.1154212105686891,0.1465119226521337,2635.0
2021-10-25,53.9,88.9,5.6,29.8,1.0069418474990388,1.0063643775094495,1.6332613924947708,,-12831.147992295602,153400.0,93800.0,0.7947,0.1154212105686891,0.1465119226521337,2635.0
2021-10-26,55.6,87.7,7.8,29.9,1.0065783017757088,1.0060297723219414,2.0729342437275315,,-13058.242964759766,124000.0,77300.0,0.6056,0.1154212105686891,0.1465119226521337,2635.0
2021-10-27,59.0,80.5,11.7,29.9,1.0063448382774929,1.0058149081588297,1.5736215130239246,,-13396.238794090124,139800.0,87300.0,0.5211,0.1154212105686891,0.1465119226521337,2635.0
2021-10-28,57.1,81.0,9.2,29.6,1.0064611352393036,1.005922021920938,1.7583486103299295,,-13716.886640864195,158300.0,98600.0,0.3105,0.1154212105686891,0.1465119226521337,2635.0
2021-10-29,55.7,81.8,10.2,29.3,1.0080796599625506,1.0074120822491552,1.6637881546621769,,-13967.171180450634,201000.0,129900.0,0.3842,0.1154212105686891,0.1465119226521337,2635.0
2021-10-30,52.5,85.1,6.6,29.2,1.0106239385408364,1.0097544588634209,1.4067760669736094,,-14474.853449040234,195700.0,139800.0,0.5889,0.1154212105686891,0.1465119226521337,2635.0
2021-10-31,53.4,80.3,12.5,29.1,1.0101970579219457,1.0098139153953458,1.8140060829831035,,-14489.553164249684,199600.0,126100.0,0.5294,0.1154212105686891,0.1465119226521337,2635.0
2021-11-01,48.8,77.9,7.7,29.2,1.0091811631286802,1.008760623457808,1.3148475076119526,,-14513.157651179554,152000.0,83800.0,0.5471,0.1154212105686891,0.1465119226521337,2635.0
2021-11-02,42.0,87.4,1.7,29.3,1.0089967392084875,1.0085878818942633,1.2618305403011465,,-14850.642330840772,111100.0,54900.0,0.5353,0.1154212105686891,0.1465119226521337,2635.0
2021-11-03,41.2,89.6,5.2,29.4,1.0081740804256745,1.0074994180371912,1.1623534954800758,,-15247.884601511909,108300.0,54300.0,0.3765,0.1154212105686891,0.1465119226521337,2635.0
2021-11-04,45.4,79.7,11.5,29.7,1.0072329395559332,1.0066330352815285,0.952615020949388,,-15636.364032276462,117000.0,58700.0,0.175,0.1154212105686891,0.1465119226521337,2635.0
2021-11-05,41.8,81.0,3.5,30.1,1.0090586228359424,1.0083139501363891,0.8700453399571179,,-16110.345381949071,,,,0.1154212105686891,0.1465119226521337,2635.0
2021-11-06,51.1,83.8,9.6,30.1,1.0118044338697196,1.0108420832216636,1.3203211564705102,,-16613.896554324896,,,,0.1154212105686891,0.1465119226521337,2635.0
2021-11-07,49.1,75.3,8.3,29.9,1.0098148841759806,1.0090104792628565,1.592387262251424,,-16623.94686979653,,,,0.1154212105686891,0.1465119226521337,2635.0
2021-11-08,46.2,84.5,3.9,30.0,1.0092461007128724,1.0084869162210244,1.5592541357947884,,-16666.36459724871,,,,0.1154212105686891,0.1465119226521337,2635.0
2021-11-09,54.3,89.0,5.1,30.0,1.0085924109772568,1.007885158212399,1.40596522080508,,-16809.787701984158,,,,0.1154212105686891,0.1465119226521337,2635.0
2021-11-10,53.5,94.2,4.3,30.0,1.0071615534998288,1.0065678187640796,1.8329438571230408,,-17407.38868053091,92600.0,45100.0,0.05,0.1154212105686891,0.1465119226521337,2635.0
2021-11-11,51.1,91.8,2.9,30.0,1.006770000705541,1.006539642808272,1.1783847548863362,,-17826.791478768224,112100.0,55600.0,0.2167,0.1154212105686891,0.1465119226521337,2635.0
2021-11-12,53.6,87.4,8.8,29.7,1.008740093650728,1.0084102440526654,1.4018255422091557,,-18190.85914212057,134900.0,64900.0,0.3563,0.1154212105686891,0.1465119226521337,2635.0
2021-11-13,52.9,81.2,8.0,29.8,1.0120719815781003,1.011492759346775,1.450855722237098,,-18834.49479608332,111500.0,61200.0,0.2941,0.1154212105686891,0.1465119226521337,2635.0
2021-11-14,52.4,87.4,6.7,30.0,1.0103084818532184,1.00992237008347,1.6503053029055612,,-18862.083025686166,148800.0,82600.0,0.2529,0.1154212105686891,0.1465119226521337,2635.0
2021-11-15,50.5,88.4,3.3,30.1,1.0105749785014628,1.0101523220917752,1.5677446197723373,,-18890.708144714463,123100.0,67600.0,0.3353,0.1154212105686891,0.1465119226521337,2635.0
2021-11-16,48.6,81.6,2.9,30.0,1.0100503085233183,1.0098012005053163,2.017737121537526,,-19142.026599999743,93300.0,49300.0,0.34,0.1154212105686891,0.1465119226521337,2635.0
2021-11-17,46.4,85.3,4.5,30.0,1.009050590168359,1.0087301934189552,1.446514105762182,,-19703.803174908568,88800.0,44300.0,0.5,0.1154212105686891,0.1465119226521337,2635.0
2021-11-18,49.0,88.2,5.8,30.2,1.0081090167714768,1.0078863778829223,1.5187750936759896,,-20076.42597845838,109600.0,55600.0,0.36,0.1154212105686891,0.1465119226521337,2635.0
2021-11-19,52.1,89.1,4.8,30.2,1.0101315286201156,1.009303085222651,1.3537636154931905,,-20479.08703707347,137000.0,63100.0,0.16,0.1154212105686891,0.1465119226521337,2635.0
2021-11-20,49.5,85.4,4.2,30.0,1.0138023214882328,1.013234333808794,1.8292996420955112,,-21022.867537339724,112600.0,60500.0,0.16,0.1154212105686891,0.1465119226521337,2635.0
2021-11-21,44.6,78.2,10.7,29.9,1.0130507600039889,1.0124609475484467,1.475654668513139,,-21063.75505295661,146500.0,83100.0,0.32,0.1154212105686891,0.1465119226521337,2635.0
2021-11-22,42.4,81.7,9.3,30.1,1.0128025310973765,1.0123949528855651,2.0593210123414263,,-21091.92224064816,124700.0,68300.0,0.3933,0.1154212105686891,0.1465119226521337,2635.0
2021-11-23,37.9,89.3,2.4,30.2,1.0118064546215224,1.0114493193390224,1.9138807176188,,-21320.378930083192,89700.0,44700.0,0.4,0.1154212105686891,0.1465119226521337,2635.0
2021-11-24,39.6,91.2,2.0,29.9,1.0108548968600466,1.0104903356851227,1.5714023399846178,,-21673.59042830029,88700.0,42400.0,0.12,0.1154212105686891,0.1465119226521337,2635.0
2021-11-25,40.0,80.5,7.4,29.8,1.0092350161990955,1.0084781497881834,1.2881507632190246,,-22061.69938160512,110200.0,53300.0,0.36,0.1154212105686891,0.1465119226521337,2635.0
2021-11-26,40.8,81.0,11.6,29.2,1.0111070439531735,1.0102021620578692,1.1992937270603716,,-22415.944671348487,137500.0,62400.0,0.26,0.1154212105686891,0.1465119226521337,2635.0
2021-11-27,38.0,82.3,18.9,29.1,1.0153645747956177,1.014123066155732,1.234404327424563,,-22946.222222915443,113100.0,60400.0,0.1867,0.1154212105686891,0.1465119226521337,2635.0
2021-11-28,34.7,69.2,11.2,29.5,1.0134374733206688,1.0123486356121023,1.9248998547108285,,-23005.12399494618,143400.0,81800.0,0.3467,0.1154212105686891,0.1465119226521337,2635.0
2021-11-29,33.9,87.0,6.6,29.7,1.0127740394502478,1.011737867740172,1.9905984476379368,,-23049.41493646321,130800.0,74800.0,0.3133,0.1154212105686891,0.1465119226521337,2635.0
2021-11-30,49.1,86.1,11.5,29.6,1.0109794572730302,1.0100853451998797,1.476981028786422,,-23320.08797453834,84500.0,46600.0,0.22,0.1154212105686891,0.1465119226521337,2635.0
2021-12-01,46.7,80.7,13.1,29.3,1.0097061033571222,1.0089127834587075,1.7837518500644318,,-23709.80365194797,79300.0,41600.0,0.3,0.1154212105686891,0.1465119226521337,2635.0
2021-12-02,36.1,75.5,9.5,29.6,1.0074303806499882,1.0068170389950026,1.1242104770497148,,-24119.022958787715,92200.0,48900.0,0.34,0.1154212105686891,0.1465119226521337,2635.0
2021-12-03,43.2,89.9,5.0,29.4,1.0077871790408042,1.0071457015622725,0.9888220850086864,,-24469.328948205966,109200.0,52900.0,0.2071,0.1154212105686891,0.1465119226521337,2635.0
2021-12-04,43.3,82.6,10.0,29.3,1.0111738686170093,1.0102648463759007,0.9397131499905108,,-25156.30089665312,99600.0,53700.0,0.2857,0.1154212105686891,0.1465119226521337,2635.0
2021-12-05,42.1,83.8,15.5,29.5,1.0091680136029448,1.0084176055974894,1.2626357488586202,,-25229.82390915646,119900.0,70500.0,0.15,0.1154212105686891,0.1465119226521337,2635.0
2021-12-06,39.9,89.2,7.2,29.6,1.0094910961777612,1.0087152607262315,1.1820374434826428,64.30696426822647,-25266.37289821833,103100.0,62900.0,0.1429,0.1154212105686891,0.1465119226521337,2635.0
2021-12-07,41.0,86.1,9.2,29.3,1.0085265145144295,1.0078269693166495,1.6220003070174602,37.62324627235044,-25464.603487653065,67300.0,36900.0,0.0846,0.1154212105686891,0.1465119226521337,2635.0
2021-12-08,43.4,71.8,11.9,29.1,1.008629678432331,1.0079220670137996,1.4393026934484858,1.0033314260839683,-25836.014408879284,71600.0,39800.0,0.1786,0.1154212105686891,0.1465119226521337,2635.0
2021-12-09,42.8,79.3,8.1,29.3,1.0066165644248013,1.0060680122956989,1.2143443450910536,1.0025472115581917,-26446.41862773965,75500.0,41800.0,0.2571,0.1154212105686891,0.1465119226521337,2635.0
2021-12-10,43.1,77.2,14.8,29.3,1.006552650933975,1.0060091942651912,1.0904420326577955,1.0025224628650014,-26925.963356577984,91400.0,49800.0,0.2643,0.1154212105686891,0.1465119226521337,2635.0
2021-12-11,42.6,86.5,5.5,29.8,1.0095599988196309,1.008779145707598,1.1305755629954422,1.0036946998435865,-27583.80887560945,82700.0,49000.0,0.1857,0.1154212105686891,0.1465119226521337,2635.0
2021-12-12,53.3,91.6,8.1,29.9,1.0076239710711508,1.006996054555611,1.6410781405805714,1.0029404099501185,-27873.82255512132,96600.0,57600.0,0.2571,0.1154212105686891,0.1465119226521337,2635.0
2021-12-13,51.3,85.0,7.5,30.0,1.0069366408149685,1.0063630442297384,2.0369242138947365,1.0026727006404377,-28171.37431416032,84500.0,52000.0,0.25,0.1154212105686891,0.1465119226521337,2635.0
2021-12-14,51.9,91.1,6.5,30.1,1.0064383801452117,1.005904164443877,2.3566520235792896,30.31906204451549,-28472.691752319897,69300.0,39100.0,0.15,0.1154212105686891,0.1465119226521337,2635.0
2021-12-15,52.9,87.9,5.7,30.2,1.0052824240982834,1.0048394881770015,2.024334487938772,19.606818966406525,-29150.04596114802,73800.0,41800.0,0.1214,0.1154212105686891,0.1465119226521337,2635.0
2021-12-16,51.5,74.0,3.6,30.4,1.0044443784231143,1.0040676130083623,1.966440039414524,1.0017015506088616,-30001.98869568829,79800.0,44900.0,0.1071,0.1154212105686891,0.1465119226521337,2635.0
2021-12-17,47.3,85.8,8.2,30.5,1.0054517178723004,1.0049954775283951,1.8449644522847173,1.002094343955152,-30725.52298993773,98700.0,53200.0,0.1857,0.1154212105686891,0.1465119226521337,2635.0
2021-12-18,45.6,94.6,9.8,30.4,1.0089961084721624,1.0082602266684475,1.8032744368404896,1.003476401440081,-31736.80146402476,104900.0,58400.0,0.1214,0.1154212105686891,0.1465119226521337,2635.0
2021-12-19,40.8,98.1,6.3,30.3,1.0085022818662768,1.0078054474524076,2.3021321216387483,17.936738351491385,-32380.045361095985,112100.0,61900.0,0.1929,0.1154212105686891,0.1465119226521337,2635.0
2021-12-20,43.1,86.1,6.9,30.1,1.0088496264056368,1.0081254705047955,3.0094811221068856,17.82767738079736,-33184.686620542474,87900.0,49100.0,0.1,0.1154212105686891,0.1465119226521337,2635.0
2021-12-21,38.0,83.1,4.2,30.0,1.008203869203352,1.0075307315952622,3.186671313315613,1.0031682683189709,-34021.00382675496,86400.0,45400.0,0.1857,0.1154212105686891,0.1465119226521337,2635.0
2021-12-22,33.2,88.9,4.9,29.9,1.0074606029335975,1.0068461568933171,2.737117527217185,1.002878612192228,-34720.660488802074,94900.0,46200.0,0.15,0.1154212105686891,0.1465119226521337,2635.0
2021-12-23,46.1,92.9,6.4,29.6,1.0063474324062296,1.0058208316643908,2.579264662141922,1.0024446198858987,-35370.7772548401,106500.0,49900.0,0.1143,0.1154212105686891,0.1465119226521337,2635.0
2021-12-24,48.5,93.8,4.4,29.4,1.0071607936630091,1.0065700986331787,1.2339298521971669,1.0027620258437335,-35658.8118554642,79900.0,33800.0,0.1214,0.1154212105686891,0.1465119226521337,2635.0
2021-12-25,45.5,97.5,7.1,29.4,1.0104540823852075,1.0096037913151832,1.8658597986644745,1.0040469390791495,-35660.023796912894,30800.0,10100.0,0.0786,0.1154212105686891,0.1465119226521337,2635.0
2021-12-26,46.6,96.9,5.3,29.3,1.0093507658136114,1.0085875643520037,3.3734650443928107,1.0036168604830245,-35662.05531913555,105600.0,47600.0,0.1429,0.1154212105686891,0.1465119226521337,2635.0
2021-12-27,49.4,94.6,7.1,29.1,1.0098170453942716,1.009017184735986,2.7912976034544914,1.0037990981553546,-36215.58023691307,143000.0,68500.0,0.1429,0.1154212105686891,0.1465119226521337,2635.0
2021-12-28,49.8,87.3,12.5,29.1,1.0091193018835418,1.0083745318107642,3.554620890718021,1.0035271621086523,-36865.68719677545,147700.0,68600.0,0.1786,0.1154212105686891,0.1465119226521337,2635.0
2021-12-29,51.8,91.5,8.7,29.4,1.008060843656012,1.0073995692572812,2.7698533812924326,1.0031143957084436,-37583.31231420444,139000.0,64700.0,0.15,0.1154212105686891,0.1465119226521337,2635.0
2021-12-30,55.3,93.0,14.1,29.7,1.0070988820899929,1.0065134736883858,1.9346320641356096,1.0027392023458317,-38240.69560259458,126400.0,59800.0,0.1214,0.1154212105686891,0.1465119226521337,2635.0
2021-12-31,54.9,90.5,11.3,29.8,1.0078475790116497,1.0072032347849882,0.6651444571425362,1.0030315797064415,-38540.48796826844,106000.0,51400.0,0.2714,0.1154212105686891,0.1465119226521337,2635.0
2022-01-01,55.4,87.2,9.3,28.3,1.01108072481403,1.0101817517979648,1.7403798538941768,1.00429377010756,-38616.13553587713,115500.0,55800.0,0.1333,0.1154212105686891,0.1465119226521337,2635.0
2022-01-02,52.5,88.3,12.6,29.6,1.009903871374952,1.0090977172710942,2.353372356658377,67.71578175210891,-38930.68857972147,167500.0,87700.0,0.1571,0.1154212105686891,0.1465119226521337,2635.0
2022-01-03,49.5,85.3,9.0,29.6,1.0099807555585405,1.0091686481833153,2.6752285452591784,37.270352223684654,-39366.31111829692,158800.0,77600.0,0.1857,0.1154212105686891,0.1465119226521337,2635.0
2022-01-04,41.8,86.3,8.1,29.3,1.0088448762243605,1.0081223146484757,1.7306463043565097,20.90493416425621,-39625.87641393455,135300.0,63200.0,0.1643,0.1154212105686891,0.1465119226521337,2635.0
2022-01-05,37.0,77.4,9.7,29.7,1.007854084040129,1.0072096142819038,1.4168303671274736,15.396854975818806,-39916.05881156312,117100.0,52500.0,0.2929,0.1154212105686891,0.1465119226521337,2635.0
2022-01-06,35.1,88.7,5.9,29.8,1.0066900773405096,1.006137313614494,0.2555842436743321,8.379799038957172,-40118.82078673879,108600.0,47700.0,0.15,0.1154212105686891,0.1465119226521337,2635.0
2022-01-07,38.8,84.2,9.4,29.6,1.0081259924507529,1.0074602338332537,0.2712528952255847,7.794689577190794,-40332.49355610418,127500.0,53300.0,0.1643,0.1154212105686891,0.1465119226521337,2635.0
2022-01-08,43.4,89.2,10.1,29.4,1.0119477294153152,1.0109812296212972,0.0495344270039581,15.745828084874349,-40645.995080242654,130600.0,56500.0,0.1,0.1154212105686891,0.1465119226521337,2635.0
2022-01-09,39.0,83.2,6.8,29.4,1.0121495917664771,1.0111673517363091,0.6026261051219035,24.42359504023125,-40767.957950648975,150000.0,62400.0,0.3,0.1154212105686891,0.1465119226521337,2635.0
2022-01-10,40.4,93.5,3.5,29.8,1.011641576523833,1.010699457187375,-0.0081178534250945,16.43415617752011,-40883.81281866384,83500.0,36300.0,0.1357,0.1154212105686891,0.1465119226521337,2635.0
2022-01-11,48.9,94.3,4.9,30.2,1.0107653693685763,1.0098923186715625,0.1490615185315142,18.46918288086172,-40985.079651559616,63500.0,27600.0,0.1643,0.1154212105686891,0.1465119226521337,2635.0
2022-01-12,40.4,90.5,2.8,30.5,1.0089967797917505,1.008262967787521,0.062875606390257,17.19889359885701,-41165.47368183734,62300.0,27300.0,0.3533,0.1154212105686891,0.1465119226521337,2635.0
2022-01-13,35.6,88.7,1.3,30.5,1.0071816772882107,1.0065907175797426,-0.1492218452158518,14.344556788745734,-41265.9323942058,68500.0,31600.0,0.36,0.1154212105686891,0.1465119226521337,2635.0
2022-01-14,35.0,86.3,1.7,30.4,1.0081603294478882,1.0074924484291194,0.0399925988371472,13.990040095976209,-41362.09076059517,83100.0,36800.0,0.3533,0.1154212105686891,0.1465119226521337,2635.0
2022-01-15,36.4,92.8,3.0,30.1,1.012290017393422,1.0112974512633133,0.0393658229382685,17.59171632209187,-41664.74207297397,88900.0,44200.0,0.2143,0.1154212105686891,0.1465119226521337,2635.0
2022-01-16,41.7,92.4,2.9,30.1,1.0117194573846513,1.010771899307184,0.3008597064447834,20.458269381128822,-41761.25303752575,101100.0,50400.0,0.3,0.1154212105686891,0.1465119226521337,2635.0
2022-01-17,38.5,84.0,3.5,30.4,1.012124217038154,1.0111449754294042,0.2576444174330273,19.07675330121225,-41801.798673335456,70700.0,32900.0,0.38,0.1154212105686891,0.1465119226521337,2635.0
2022-01-18,32.0,97.1,1.9,30.4,1.0115833043680724,1.0106467219780195,0.3548542115656484,18.557646176186573,-41828.47157191343,54800.0,25900.0,0.2533,0.1154212105686891,0.1465119226521337,2635.0
2022-01-19,40.2,88.7,5.3,30.1,1.0106223020354057,1.0097613749472327,0.2425473024571601,15.755451362762644,-41949.91002814142,51900.0,23900.0,0.2333,0.1154212105686891,0.1465119226521337,2635.0
2022-01-20,36.7,77.8,6.7,30.3,1.0100424390683334,1.0092271873041398,0.1073325124076746,13.740097694164474,-42108.26841040502,65600.0,32500.0,0.42,0.1154212105686891,0.1465119226521337,2635.0
2022-01-21,35.9,78.1,4.9,30.4,1.010656069842309,1.0097927018663952,-0.059764697390908,11.114782894553825,-42167.12023321684,79900.0,37000.0,0.22,0.1154212105686891,0.1465119226521337,2635.0
2022-01-22,40.2,81.3,5.9,30.4,1.0191019152726857,1.017575219833577,0.1649437089234812,12.624810362934072,-42409.1899373251,86800.0,49000.0,0.2067,0.1154212105686891,0.1465119226521337,2635.0
2022-01-23,41.4,79.9,2.3,30.3,1.0224043627112551,1.0206187006388443,0.359325348318085,13.2893242202496,-42434.273623574096,104400.0,57900.0,0.12,0.1154212105686891,0.1465119226521337,2635.0
2022-01-24,38.6,82.8,4.5,30.3,1.0248715736629672,1.0228927222758222,0.391091537364475,11.723166262786457,-42478.80654646047,73900.0,38400.0,0.12,0.1154212105686891,0.1465119226521337,2635.0
2022-01-25,36.7,84.8,4.1,30.3,1.0231235115161954,1.021282414873458,0.3419300563347508,10.09317011537783,-42536.65083240024,53900.0,26200.0,0.1067,0.1154212105686891,0.1465119226521337,2635.0
2022-01-26,39.8,80.8,5.3,30.3,1.020093825856015,1.0184909205823525,0.2906386098471276,8.560276504051673,-42635.048978388986,55800.0,27200.0,0.3467,0.1154212105686891,0.1465119226521337,2635.0
2022-01-27,45.0,84.4,6.5,30.1,1.0187989968846185,1.0172980314351372,0.1482874168540182,5.850549432557467,-42777.07858545775,70100.0,35800.0,0.2563,0.1154212105686891,0.1465119226521337,2635.0
2022-01-28,39.7,87.8,4.8,30.3,1.0185018049026235,1.0170244706537237,0.1626513836347773,4.944534678992946,-42829.22285112392,87600.0,42100.0,0.4563,0.1154212105686891,0.1465119226521337,2635.0
2022-01-29,50.3,82.7,13.2,30.1,1.0281404001446208,1.0259077171367148,0.2600864514638278,5.694229005566404,-43060.27967688498,104600.0,64700.0,0.4235,0.1154212105686891,0.1465119226521337,2635.0
2022-01-30,40.0,80.2,5.8,30.2,1.031131970013906,1.0286655708635324,0.3316198789686945,5.545831172006506,-43195.58400478951,115300.0,68500.0,0.4471,0.1154212105686891,0.1465119226521337,2635.0
2022-02-01,50.3,80.1,13.0,29.9,1.0313780388218357,1.0288941130604308,0.3447147769172838,3.0298514265480287,-43295.39245828392,71300.0,34300.0,0.6,0.1154212105686891,0.1465119226521337,2635.0
2022-02-02,49.6,82.7,8.3,30.0,1.0263862181404233,1.0242939141287375,0.3667317247739832,2.289019436831865,-43535.205619756816,69500.0,33700.0,0.4294,0.1154212105686891,0.1465119226521337,2635.0
2022-02-03,47.5,82.5,7.7,29.8,1.0125929518232508,1.0115809185547204,0.4065961119313193,1.8146190201,-43576.98786973304,83200.0,41800.0,0.3059,0.1154212105686891,0.1465119226521337,2635.0
2022-02-04,44.6,78.5,12.6,29.7,1.0215914882641282,1.019875285717793,0.4051249957199844,0.780308114993462,-43711.09133590455,102200.0,47400.0,0.4353,0.1154212105686891,0.1465119226521337,2635.0
2022-02-05,43.2,79.2,11.2,29.9,1.0343775177519925,1.0316614298537423,0.4795608578705376,2.032047029048869,-43843.691842218665,119600.0,73200.0,0.4688,0.1154212105686891,0.1465119226521337,2635.0
2022-02-06,49.1,76.3,19.1,29.6,1.0369699033557551,1.0340520988259172,0.5831922539229152,2.154048756623764,-43871.52756006191,134600.0,78000.0,0.4313,0.1154212105686891,0.1465119226521337,2635.0
2022-02-07,44.0,76.7,8.7,30.1,1.0494416333748389,1.0455502956286744,0.6172855961427941,1.0578155404725946,-43888.86461402019,100000.0,53600.0,0.4294,0.1154212105686891,0.1465119226521337,2635.0
2022-02-08,50.6,78.9,9.6,30.1,1.0399715300667485,1.0368218409636958,0.7093442905460084,1.1447881321955329,-43908.55779449426,76900.0,39700.0,0.3,0.1154212105686891,0.1465119226521337,2635.0
2022-02-09,49.8,85.8,7.0,30.0,1.0309518518012204,1.0285077820019557,0.7104421309376194,-0.008846214639008,-44000.145459134896,72600.0,38000.0,0.425,0.1154212105686891,0.1465119226521337,2635.0
2022-02-10,43.0,79.3,7.8,30.0,1.018525258207633,1.0170522501707062,0.7243713798792341,-0.2259556883762939,-44055.863746141134,96000.0,50500.0,0.4353,0.1154212105686891,0.1465119226521337,2635.0
2022-02-11,38.7,77.0,3.8,30.2,1.029183063860313,1.0268782638817455,0.8058632270824533,-1.2445363631615358,-44171.06675417508,130500.0,59800.0,0.5882,0.1154212105686891,0.1465119226521337,2635.0
2022-02-12,41.6,75.1,9.0,30.0,1.0382669292093716,1.0352539424947924,0.9210281909104856,-0.6866768620636619,-44385.61319555925,144400.0,84800.0,0.5059,0.1154212105686891,0.1465119226521337,2635.0
2022-02-13,46.4,86.3,13.9,29.4,1.045888436148282,1.042282140000496,0.933961588168134,0.4521343687171464,-44389.83620223335,,,,0.1154212105686891,0.1465119226521337,2635.0
2022-02-14,45.7,80.8,11.5,29.3,1.0341039971884909,1.0314179953170926,0.9714009231721628,-0.5517340032638873,-44408.98528404316,,,,0.1154212105686891,0.1465119226521337,2635.0
2022-02-15,44.9,88.0,10.3,29.5,1.026322555872574,1.0242439782644053,1.0222980713113612,0.0902768289320039,-44494.57352848353,,,,0.1154212105686891,0.1465119226521337,2635.0
2022-02-16,53.9,87.6,16.0,28.6,1.016663734637042,1.01533851313972,1.044048614253306,-1.0918789156738795,-44740.97041783778,,,,0.1154212105686891,0.1465119226521337,2635.0
2022-02-17,49.3,65.9,17.0,29.6,1.0119696996063152,1.0110105452994158,1.0300528529848596,-2.747912434485885,-44769.44244019248,,,,0.1154212105686891,0.1465119226521337,2635.0
2022-02-18,46.8,74.9,22.5,29.3,1.0119262164923348,1.0109705540399143,1.0319188660152856,-2.195770563813796,-44781.97617070383,,,,0.1154212105686891,0.1465119226521337,2635.0
2022-02-19,43.0,75.6,14.8,29.6,1.0180797558679258,1.0166446820707176,1.0427292048842158,-1.6424338635571245,-44921.75558821431,,,,0.1154212105686891,0.1465119226521337,2635.0
2022-02-20,49.8,83.9,19.2,29.5,1.0149400073325294,1.0137497830317783,1.0382924565378022,-1.1095042128202162,-44986.02363980666,,,,0.1154212105686891,0.1465119226521337,2635.0
2022-02-21,45.4,65.5,20.7,29.6,1.0131070318726156,1.0120597590552454,1.033344034345112,-1.6538806124643848,-44995.965300952535,,,,0.1154212105686891,0.1465119226521337,2635.0
2022-02-22,48.0,76.4,10.5,29.9,1.0116969862973586,1.0107596707647175,1.0185305952982129,-1.2982720170071955,-45027.003584523,,,,0.1154212105686891,0.1465119226521337,2635.0
2022-02-23,43.5,83.9,8.2,29.9,1.0095505657800623,1.0087805307461288,1.015157761461913,-1.2846741087610196,-45109.92679173211,,,,0.1154212105686891,0.1465119226521337,2635.0
2022-02-24,43.5,75.4,14.0,29.7,1.008007378812937,1.0073575998313933,1.0127329800234972,-1.0315904603956043,-45126.53647076361,,,,0.1154212105686891,0.1465119226521337,2635.0
2022-02-25,42.0,67.2,10.0,30.1,1.0114151236611657,1.0104999965692971,1.018084917097582,-1.6592707439808498,-45178.9877568125,,,,0.1154212105686891,0.1465119226521337,2635.0
2022-02-26,38.6,76.1,5.8,30.2,1.0165939189216684,1.015275633276781,1.026217148000753,-0.2059454411944918,-45398.50448753573,,,,0.1154212105686891,0.1465119226521337,2635.0
2022-02-27,42.8,66.2,9.3,30.0,1.0143891435788577,1.0132426930963925,1.022752532744306,1.4433802771295925,-45402.03165755607,,,,0.1154212105686891,0.1465119226521337,2635.0
2022-02-28,48.4,79.1,7.5,30.0,1.0133842176326406,1.012316136285346,1.0211727854695598,2.530759412138835,-45413.097734139024,,,,0.1154212105686891,0.1465119226521337,2635.0
2022-03-01,46.9,96.9,7.3,30.0,1.0116153900959437,1.0106851107005284,1.018393929239526,3.9350063031871416,-45436.158122404646,,,,0.1154212105686891,0.1465119226521337,2635.0
2022-03-02,45.0,88.2,7.0,29.9,1.0092816378697085,1.00853309008311,1.0147285810036386,4.2949720170237216,-45495.59131227705,,,,0.1154212105686891,0.1465119226521337,2635.0
2022-03-03,45.9,87.3,5.4,29.7,1.0079907191281756,1.0073426989846892,1.0127010565009331,2.7215710893788763,-45502.78230051279,,,,0.1154212105686891,0.1465119226521337,2635.0
2022-03-04,45.5,89.8,6.4,29.9,1.0117518179072489,1.0108111474955743,1.018605297813039,2.35127116287344,-45515.71993708961,,,,0.1154212105686891,0.1465119226521337,2635.0
2022-03-05,42.7,84.3,11.8,30.0,1.0148813036541815,1.0136972245235585,1.0235168263186651,1.9942492393744504,-45622.71929367568,,,,0.1154212105686891,0.1465119226521337,2635.0
2022-03-06,40.4,67.1,14.9,30.1,1.0132805557737046,1.0122211583990288,1.0210023486793165,7.056722867006546,-45695.74641751861,,,,0.1154212105686891,0.1465119226521337,2635.0
2022-03-07,38.8,72.4,9.9,30.0,1.0120056499652792,1.0110455451490308,1.0189998265116271,6.695035659907007,-45713.019259499,,,,0.1154212105686891,0.1465119226521337,2635.0
2022-03-08,41.8,68.8,8.6,29.7,1.0096019015447777,1.0088288678794577,1.0152259296410708,5.115834782577872,-45732.94702413864,,,,0.1154212105686891,0.1465119226521337,2635.0
2022-03-09,49.7,76.9,9.1,29.8,1.0083794776096644,1.0077015860716123,1.0133066274519515,5.147789833988359,-45785.26166199248,,,,0.1154212105686891,0.1465119226521337,2635.0
2022-03-10,52.5,71.5,7.7,29.8,1.0065444473259009,1.0060093263558896,1.010426122204476,5.615403714455234,-45809.26069531669,,,,0.1154212105686891,0.1465119226521337,2635.0
2022-03-11,50.1,80.7,10.1,29.5,1.0089362166026083,1.0082151073739123,1.0141793351328798,4.306849748326059,-45854.07596586793,,,,0.1154212105686891,0.1465119226521337,2635.0
2022-03-12,48.8,77.5,11.2,29.6,1.010919601273671,1.0100443064324045,1.017291130606271,5.6445000112018535,-45994.37993566491,,,,0.1154212105686891,0.1465119226521337,2635.0
2022-03-13,47.9,83.8,8.3,29.5,1.00919786348415,1.0084565234997638,1.0145884797246358,6.900915988332541,-45996.38346401828,,,,0.1154212105686891,0.1465119226521337,2635.0
2022-03-14,46.9,85.0,4.4,30.0,1.0083641595130903,1.00768769693508,1.01327962801741,6.4266893840246215,-46009.72855106428,,,,0.1154212105686891,0.1465119226521337,2635.0
2022-03-15,47.9,80.3,5.0,29.9,1.0071056715298394,1.006527099985355,1.0113044249934309,4.9596546745784025,-46071.37239123494,,,,0.1154212105686891,0.1465119226521337,2635.0
2022-03-16,48.2,91.2,7.6,29.8,1.0055912541999543,1.005130455177092,1.0089278619376982,3.9762080785979856,-46134.89329827048,,,,0.1154212105686891,0.1465119226521337,2635.0
2022-03-17,46.0,72.2,7.0,30.2,1.0037007452251163,1.003386943537112,1.005961386541712,2.1095822883251163,-46150.60273607158,,,,0.1154212105686891,0.1465119226521337,2635.0
2022-03-18,46.6,78.0,7.1,30.5,1.0049675805137612,1.0045552996640608,1.0079489291249726,2.0547188094262987,-46162.3961875813,,,,0.1154212105686891,0.1465119226521337,2635.0
2022-03-19,48.8,66.8,12.8,30.4,1.007638575761855,1.0070186741972382,1.0121393050444698,2.363065349264704,-46220.60807633388,,,,0.1154212105686891,0.1465119226521337,2635.0
2022-03-20,43.5,62.4,6.7,30.1,1.0062319200002394,1.0057213969835308,1.0099320210104368,4.255108915491926,-46282.75239985639,,,,0.1154212105686891,0.1465119226521337,2635.0
2022-03-21,45.4,71.5,5.5,30.1,1.0055443558513195,1.0050873009078567,1.0088530583257336,2.092358216293757,-46291.09111756294,,,,0.1154212105686891,0.1465119226521337,2635.0
2022-03-22,53.9,61.5,6.2,30.1,1.0038736742280203,1.0035464957037423,1.0062318734847526,2.4211101646651665,-46313.50479135825,,,,0.1154212105686891,0.1465119226521337,2635.0
2022-03-23,51.8,60.0,3.9,30.2,1.0030870034559685,1.0028209791334368,1.004997646844502,0.8667171502387799,-46390.70715837597,,,,0.1154212105686891,0.1465119226521337,2635.0
2022-03-24,49.6,56.8,2.7,30.2,1.002091687141863,1.0019030300429796,1.0034361541317929,1.1247597270857006,-46402.12937752507,,,,0.1154212105686891,0.1465119226521337,2635.0
2022-03-25,48.8,65.3,5.7,30.2,1.0025284641665926,1.0023058613644982,1.0041213187501647,-0.0972125257469149,-46433.31117484576,,,,0.1154212105686891,0.1465119226521337,2635.0
2022-03-26,49.5,63.2,7.7,30.2,1.0039355014458513,1.0036035450042664,1.0063285221628462,0.9524087606118868,-46539.92171516079,,,,0.1154212105686891,0.1465119226521337,2635.0
2022-03-27,43.0,87.0,5.3,30.3,1.0038939284987063,1.0035652125300103,1.0062631894072949,1.7365073642242803,-46540.58955794523,,,,0.1154212105686891,0.1465119226521337,2635.0
2022-03-28,47.6,84.5,5.3,30.0,1.0037090081699516,1.0033946727746808,1.0059729982760228,1.3008376743638257,-46586.11401572962,,,,0.1154212105686891,0.1465119226521337,2635.0
2022-03-29,48.2,83.3,8.7,29.6,1.003041654541838,1.00277919053339,1.0049260625297294,0.5158181783299598,-46593.62492842293,,,,0.1154212105686891,0.1465119226521337,2635.0
2022-03-30,46.8,81.7,9.1,29.5,1.0017598832032204,1.001597036073918,1.0029153773911543,-1.4631442934056529,-46648.07038315405,,,,0.1154212105686891,0.1465119226521337,2635.0
2022-03-31,39.2,62.4,15.5,29.5,1.001871853866245,1.0017003069037829,1.0030909943451172,-0.8678190686925813,-46702.09820070933,,,,0.1154212105686891,0.1465119226521337,2635.0
2022-04-01,39.3,64.7,14.6,29.8,1.0020353804492346,1.0018511275248188,1.0033474771573363,-1.703638137489096,-46717.58346430375,,,,0.1154212105686891,0.1465119226521337,2635.0
2022-04-02,38.3,70.8,7.0,30.0,1.0031585931609568,1.0028870576993998,1.0051092924300875,-1.2822427381535342,-46788.58479604736,,,,0.1154212105686891,0.1465119226521337,2635.0
2022-04-03,38.8,65.3,4.5,30.1,1.0024486493427134,1.002232288117796,1.003995635784946,-0.8376304386944502,-46789.60055715868,,,,0.1154212105686891,0.1465119226521337,2635.0
2022-04-04,48.5,80.7,11.5,29.7,1.0020525902717223,1.0018670091952755,1.0033743573128135,-0.3193737352694235,-46798.80797782262,,,,0.1154212105686891,0.1465119226521337,2635.0
2022-04-05,53.4,71.4,13.0,29.6,1.001043704553195,1.000936523143918,1.001791854159504,-1.5526216971500315,-46809.562354187285,,,,0.1154212105686891,0.1465119226521337,2635.0
2022-04-06,51.0,80.4,15.3,29.3,1.0010305224459268,1.0009243659637037,1.0017711702402798,-1.1926872637950372,-46851.20191744881,,,,0.1154212105686891,0.1465119226521337,2635.0
2022-04-07,49.0,66.8,21.3,29.0,1.0007748536421726,1.0006885648161783,1.0015044418366053,-1.1805659222868856,-46870.750225488526,,,,0.1154212105686891,0.1465119226521337,2635.0
2022-04-08,43.1,69.2,5.2,29.3,1.0016806819132296,1.0015240055731232,1.0027909422489365,-1.7658715589831744,-46907.55628571421,,,,0.1154212105686891,0.1465119226521337,2635.0
2022-04-09,43.5,65.1,6.9,29.8,1.0030027278253966,1.002743326088218,1.0048645352634231,-1.4955959809745505,-46997.31433859289,,,,0.1154212105686891,0.1465119226521337,2635.0
2022-04-10,43.9,62.3,4.8,29.9,1.0031735834663178,1.002900911586459,1.0052863759007142,0.196102716666653,-47000.493590286365,,,,0.1154212105686891,0.1465119226521337,2635.0
2022-04-11,51.5,60.1,9.3,29.6,1.0030428657384511,1.0027803564342106,1.005057369861374,-0.2592645765113006,-47008.88361589593,,,,0.1154212105686891,0.1465119226521337,2635.0
2022-04-12,54.0,78.4,7.5,29.5,1.0026006806798398,1.0023725332669615,1.0042337473926242,-0.6145024002586621,-47033.782890450566,,,,0.1154212105686891,0.1465119226521337,2635.0
2022-04-13,55.6,78.8,6.4,29.8,1.00293254692303,1.0026786190602968,1.004754192873269,-0.5222803113535799,-47074.71371298347,,,,0.1154212105686891,0.1465119226521337,2635.0
2022-04-14,54.1,76.1,4.1,30.0,1.0026313830699662,1.0024008587864328,1.0042817941859894,-0.4227750353327209,-47102.49812292368,,,,0.1154212105686891,0.1465119226521337,2635.0
2022-04-15,57.3,69.9,3.4,30.1,1.0038079434033995,1.0034860146569051,1.0061269891287337,-0.4377406270868123,-47132.523966534245,,,,0.1154212105686891,0.1465119226521337,2635.0
2022-04-16,55.3,70.1,6.8,30.2,1.0059505689798092,1.0054621949188052,1.0094871273615638,-0.1500182659272908,-47167.11741399437,,,,0.1154212105686891,0.1465119226521337,2635.0
2022-04-17,53.5,58.6,5.4,30.0,1.005922503978696,1.005436331570928,1.009442847698696,0.3854907051371881,-47169.72925298983,,,,0.1154212105686891,0.1465119226521337,2635.0
2022-04-18,52.7,66.0,4.3,29.8,1.0064933679605217,1.005962873235944,1.0103377970650729,0.7491541312767239,-47171.4490749942,,,,0.1154212105686891,0.1465119226521337,2635.0
2022-04-19,52.2,67.9,7.2,29.8,1.0062461731301775,1.0057349045133457,1.0099498479700746,1.0299271857539545,-47193.58477256384,,,,0.1154212105686891,0.1465119226521337,2635.0
2022-04-20,52.9,62.7,10.3,29.8,1.0059980777569808,1.0055061023408385,1.0095605222418775,0.4866717314509339,-47221.01522565749,,,,0.1154212105686891,0.1465119226521337,2635.0
2022-04-21,53.1,67.0,10.4,29.6,1.0053842517167877,1.0049399720995575,1.0085977498532523,0.1187520958904085,-47248.45994151012,,,,0.1154212105686891,0.1465119226521337,2635.0
2022-04-22,52.0,72.3,13.3,29.5,1.0070912165601191,1.006514385833593,1.0112740382042449,0.1789292657752872,-47260.1063348659,,,,0.1154212105686891,0.1465119226521337,2635.0
2022-04-23,55.5,68.8,15.7,29.4,1.0094248311520433,1.0086668103128025,1.014932550929548,0.9853635616973015,-47351.93952527963,,,,0.1154212105686891,0.1465119226521337,2635.0
2022-04-24,54.5,63.0,10.9,29.5,1.008963603400659,1.0082414501749877,1.0142087641516715,1.6057195834069082,-47358.878345439385,,,,0.1154212105686891,0.1465119226521337,2635.0
2022-04-25,49.2,71.8,9.0,29.8,1.0087395278141067,1.0080348209955292,1.013856869406587,0.5541649092520191,-47373.95615856462,,,,0.1154212105686891,0.1465119226521337,2635.0
2022-04-26,49.8,63.1,7.7,29.9,1.0074215942099058,1.0068192578115551,1.0117901711983566,0.3628898528946965,-47392.10456905756,,,,0.1154212105686891,0.1465119226521337,2635.0
2022-04-27,46.8,70.9,8.2,30.1,1.0065320951878205,1.005998849735335,1.0103953268658987,0.4828795359963965,-47426.394540538655,,,,0.1154212105686891,0.1465119226521337,2635.0
2022-04-28,47.6,73.5,7.7,30.2,1.0056917160359002,1.0052237381059028,1.009077609062884,0.4811875732009104,-47447.444534895774,,,,0.1154212105686891,0.1465119226521337,2635.0
2022-05-01,52.1,70.1,5.4,30.0,1.0089047042776491,1.008187417823352,1.014138045717017,0.5443325087161094,-47554.037799696736,,,,0.1154212105686891,0.1465119226521337,2635.0
2022-05-02,53.0,74.4,3.1,29.9,1.0086475373926962,1.007950256594396,1.01373194301797,0.6754166102230719,-47555.05356080807,,,,0.1154212105686891,0.1465119226521337,2635.0
2022-05-03,54.8,76.2,4.3,29.9,1.0070876302067375,1.0065114540252984,1.0112637380774572,1.718459389799645,-47578.178161051575,,,,0.1154212105686891,0.1465119226521337,2635.0
2022-05-04,55.3,82.0,6.4,29.9,1.0057261050783015,1.0052556197106255,1.0091294982528751,1.4551507462476168,-47610.31618734125,,,,0.1154212105686891,0.1465119226521337,2635.0
2022-05-05,56.3,71.8,6.3,30.0,1.0043569827901344,1.0039927651980065,1.0069835083477623,1.257913076061577,-47628.94229880096,,,,0.1154212105686891,0.1465119226521337,2635.0
2022-05-06,58.9,70.0,6.3,30.1,1.005240514498863,1.0048077444253956,1.008368063402446,1.068423265374002,-47651.05936217242,,,,0.1154212105686891,0.1465119226521337,2635.0
2022-05-07,57.8,79.1,7.0,30.1,1.008233526738429,1.0075685263321077,1.0130583823123849,1.531774637774339,-47700.50426283149,,,,0.1154212105686891,0.1465119226521337,2635.0
2022-05-08,55.0,68.5,8.8,30.1,1.0062493432182171,1.005738336115061,1.009948506351821,1.8476674983577408,-47701.67998617161,,,,0.1154212105686891,0.1465119226521337,2635.0
2022-05-09,56.6,70.1,6.6,30.0,1.0053528883110872,1.0049114583966052,1.008543426499968,1.973049470239256,-47706.48330961852,,,,0.1154212105686891,0.1465119226521337,2635.0
2022-05-10,59.3,72.7,9.2,29.8,1.0027016577457768,1.0024659472206667,1.0043886085296383,1.5147556833462523,-47740.10189391144,,,,0.1154212105686891,0.1465119226521337,2635.0
2022-05-11,54.9,84.2,9.3,29.6,1.0020781738919546,1.001890842360819,1.003411524066919,1.4478978738949382,-47783.90026791951,,,,0.1154212105686891,0.1465119226521337,2635.0
2022-05-12,54.4,73.8,8.1,29.9,1.0001650691560255,1.0001261748473893,1.0004135442209476,1.5079685095183282,-47805.552534399074,,,,0.1154212105686891,0.1465119226521337,2635.0
2022-05-13,56.7,71.8,9.8,29.9,1.001114753231188,1.0010021738973676,1.0019017626011273,1.3815162308864526,-47821.961353257626,,,,0.1154212105686891,0.1465119226521337,2635.0
2022-05-14,57.9,70.0,4.5,29.9,1.0028126617235351,1.0025683476668923,1.0045624455288682,1.5084557098289602,-47880.58673099909,,,,0.1154212105686891,0.1465119226521337,2635.0
2022-05-15,58.6,81.3,7.1,29.7,1.0018971580584992,1.0017238775211184,1.003127783710436,1.5664531717783867,-47881.76245433921,,,,0.1154212105686891,0.1465119226521337,2635.0
2022-05-16,59.9,83.2,8.5,29.7,1.0010685383179647,1.0009595479584692,1.0018293009458965,1.435851755639281,-47892.94405080308,,,,0.1154212105686891,0.1465119226521337,2635.0
2022-05-17,63.6,72.2,5.6,29.8,1.000271420113859,1.0002242748313832,1.000580194719506,1.4962373848460442,-47909.92496219521,,,,0.1154212105686891,0.1465119226521337,2635.0
2022-05-18,62.0,67.2,6.5,29.9,0.9993158809230696,0.9993428721491138,0.9990828358547172,2.173102834431421,-47945.70235723469,,,,0.1154212105686891,0.1465119226521337,2635.0
2022-05-19,61.7,73.5,6.6,29.8,0.9992027193666766,0.9992384908101222,0.9989055025625934,1.3054247774887804,-47971.96176682378,,,,0.1154212105686891,0.1465119226521337,2635.0
2022-05-20,55.5,81.8,6.6,29.9,0.9994864464588992,0.9995002046736056,0.9993501110810266,1.428195988572058,-47980.132298062286,,,,0.1154212105686891,0.1465119226521337,2635.0
2022-05-21,57.7,73.2,6.7,29.9,1.0003026310477423,1.000253063981238,1.0006291063154638,1.4896675675402742,-48050.56048698459,,,,0.1154212105686891,0.1465119226521337,2635.0
2022-05-22,59.6,65.4,4.2,29.7,0.999544407851628,0.99955366911362,0.9994409378104528,1.6684789583548951,-48052.24409088037,,,,0.1154212105686891,0.1465119226521337,2635.0
2022-05-23,57.4,76.2,5.7,29.4,0.9992162834458476,0.999251003390562,0.9989267469046588,1.4219224206739691,-48062.89803715856,,,,0.1154212105686891,0.1465119226521337,2635.0
2022-05-24,53.7,80.3,6.6,29.5,0.9990109365405756,0.9990615895441808,0.9986049496150504,1.2989621627385566,-48079.55902409311,,,,0.1154212105686891,0.1465119226521337,2635.0
2022-05-25,55.4,77.7,10.0,29.7,0.9988124351934626,0.9988784905209184,0.9982938747461308,1.3579685855343115,-48123.81397075381,,,,0.1154212105686891,0.1465119226521337,2635.0
2022-05-26,58.7,78.1,9.9,29.9,0.9984598292598048,0.998553244483948,0.9977412983346357,1.235714748566249,-48139.879551121085,,,,0.1154212105686891,0.1465119226521337,2635.0
2022-05-27,61.5,59.8,9.9,30.0,0.9985898369581204,0.9986731661859798,0.9979450145653602,1.3564338596038894,-48149.86565461481,,,,0.1154212105686891,0.1465119226521337,2635.0
2022-05-28,56.2,59.0,7.0,30.0,0.99911766819915,0.9991600430827904,0.9987721670002994,1.5947355296051535,-48200.37294445267,,,,0.1154212105686891,0.1465119226521337,2635.0
2022-05-29,52.2,66.2,7.7,29.9,0.9999562440218986,0.9999335526113344,1.000086296725552,1.7118115769604192,-48203.04431559047,,,,0.1154212105686891,0.1465119226521337,2635.0
2022-05-30,50.6,79.3,4.7,29.7,0.998947217522869,0.9990745730833148,0.9985050438644902,1.4110539220730605,-48206.57148561082,,,,0.1154212105686891,0.1465119226521337,2635.0
2022-05-31,53.3,79.5,6.8,29.7,0.9989827214289436,0.9991790164854428,0.9985606734945492,1.8778988806281984,-48221.19272608343,,,,0.1154212105686891,0.1465119226521337,2635.0
2022-06-01,54.7,72.1,4.0,29.8,0.9985913136584232,0.998674533925997,0.9979472766084152,1.4055841986472046,-48245.68455016884,,,,0.1154212105686891,0.1465119226521337,2635.0
2022-06-02,57.2,70.2,6.1,29.9,0.998560595159124,0.9986462003730684,0.9978991200390008,2.1543866818654487,-48245.68455016884,,,,0.1154212105686891,0.1465119226521337,2635.0
2022-06-03,60.6,67.5,9.3,29.8,0.999045795260016,0.9990937517496508,0.9986594869245516,1.7460968700431192,-48248.4925695017,,,,0.1154212105686891,0.1465119226521337,2635.0
2022-06-04,57.7,80.4,15.4,29.9,0.9991757895096688,0.9992136594296188,0.9988632006474464,2.0815166473889093,-48269.8004620581,,,,0.1154212105686891,0.1465119226521337,2635.0
2022-06-05,55.7,92.3,7.1,29.8,0.9990698355545286,0.9991159277470234,0.9987665283335442,2.5175866109492167,-48270.852441278,,,,0.1154212105686891,0.1465119226521337,2635.0
2022-06-06,57.4,88.0,6.7,29.7,0.9987573497169177,0.9990243771738248,0.9982639252386564,2.2225176756983243,-48273.93594272056,,,,0.1154212105686891,0.1465119226521337,2635.0
2022-06-07,58.0,88.1,5.0,29.7,0.9984952323771707,0.9987199384958196,0.9977966218804252,1.7141392052168043,-48295.32313704932,,,,0.1154212105686891,0.1465119226521337,2635.0
2022-06-08,61.0,76.8,9.8,29.5,0.9986521190001958,0.998730630600036,0.9980424762097933,1.9824640499752595,-48326.11747678307,,,,0.1154212105686891,0.1465119226521337,2635.0
2022-06-09,59.3,75.0,7.8,29.8,0.9983006850272232,0.9984064702059608,0.997491689824989,1.7561194479718385,-48334.92567121709,,,,0.1154212105686891,0.1465119226521337,2635.0
2022-06-10,62.3,75.6,9.2,29.9,0.9985363285070014,0.9986238286176332,0.9978609731466052,1.9650705969335407,-48363.256365541165,,,,0.1154212105686891,0.1465119226521337,2635.0
2022-06-11,61.8,69.7,9.1,30.0,0.9991809876657486,0.9992184606385168,0.9988712852071326,1.2627306785955092,-48414.952282793965,,,,0.1154212105686891,0.1465119226521337,2635.0
2022-06-12,60.8,63.6,8.0,30.0,,,,,-48416.63588668974,,,,0.1154212105686891,0.1465119226521337,2635.0
2022-06-13,60.0,60.3,5.6,30.0,,,,,-48420.51097503696,,,,0.1154212105686891,0.1465119226521337,2635.0
2022-06-14,61.6,60.7,4.4,29.9,,,,,-48432.629030839846,,,,0.1154212105686891,0.1465119226521337,2635.0
2022-06-15,65.3,58.3,4.2,29.9,,,,,-48462.674867332695,,,,0.1154212105686891,0.1465119226521337,2635.0
2022-06-16,67.0,57.9,3.7,29.9,,,,,-48468.18225167267,,,,0.1154212105686891,0.1465119226521337,2635.0
2022-06-17,71.5,57.6,7.0,29.9,,,,,-48474.66917901536,,,,0.1154212105686891,0.1465119226521337,2635.0
2022-06-18,65.3,72.8,8.8,29.8,,,,,-48497.8568558049,,,,0.1154212105686891,0.1465119226521337,2635.0
2022-06-19,57.6,69.2,11.3,29.7,,,,,-48499.03257914503,,,,0.1154212105686891,0.1465119226521337,2635.0
2022-06-20,61.4,60.5,9.1,29.8,,,,,-48509.83826341271,,,,0.1154212105686891,0.1465119226521337,2635.0
2022-06-21,61.7,65.3,4.8,29.7,,,,,-48513.71335175994,,,,0.1154212105686891,0.1465119226521337,2635.0
2022-06-22,64.9,61.6,8.5,29.7,,,,,-48546.99578636901,,,,0.1154212105686891,0.1465119226521337,2635.0
2022-06-23,64.6,70.6,4.8,29.6,,,,,-48558.19383131144,,,,0.1154212105686891,0.1465119226521337,2635.0
2022-06-24,62.5,76.1,9.5,29.5,,,,,-48571.479386215135,,,,0.1154212105686891,0.1465119226521337,2635.0
2022-06-25,59.4,73.7,8.5,29.6,,,,,-48606.15349413168,,,,0.1154212105686891,0.1465119226521337,2635.0
2022-06-26,59.5,65.8,8.8,29.7,,,,,-48607.83709802748,,,,0.1154212105686891,0.1465119226521337,2635.0
2022-06-27,59.1,69.0,8.7,29.8,,,,,-48617.81497728192,,,,0.1154212105686891,0.1465119226521337,2635.0
2022-06-28,60.3,64.5,7.4,29.8,,,,,-48624.42564874484,,,,0.1154212105686891,0.1465119226521337,2635.0
2022-06-29,60.5,76.7,7.2,29.7,,,,,-48660.8920148829,,,,0.1154212105686891,0.1465119226521337,2635.0
2022-06-30,58.8,76.0,6.3,29.7,,,,,-48667.62643046604,,,,0.1154212105686891,0.1465119226521337,2635.0
