,Unnamed: 0,areaType,areaName,areaCode,date,newWeeklyNsoDeathsByRegDate,cumWeeklyNsoDeathsByRegDate
0,119,overview,United Kingdom,K02000001,2020-03-13,5,5
1,118,overview,United Kingdom,K02000001,2020-03-20,119,124
2,117,overview,United Kingdom,K02000001,2020-03-27,624,748
3,116,overview,United Kingdom,K02000001,2020-04-03,3841,4589
4,115,overview,United Kingdom,K02000001,2020-04-10,6928,11517
5,114,overview,United Kingdom,K02000001,2020-04-17,9553,21070
6,113,overview,United Kingdom,K02000001,2020-04-24,9085,30155
7,112,overview,United Kingdom,K02000001,2020-05-01,6743,36898
8,111,overview,United Kingdom,K02000001,2020-05-08,4465,41363
9,110,overview,United Kingdom,K02000001,2020-05-15,4259,45622
10,109,overview,United Kingdom,K02000001,2020-05-22,2918,48540
11,108,overview,United Kingdom,K02000001,2020-05-29,2033,50573
12,107,overview,United Kingdom,K02000001,2020-06-05,1729,52302
13,106,overview,United Kingdom,K02000001,2020-06-12,1229,53531
14,105,overview,United Kingdom,K02000001,2020-06-19,866,54397
15,104,overview,United Kingdom,K02000001,2020-06-26,670,55067
16,103,overview,United Kingdom,K02000001,2020-07-03,572,55639
17,102,overview,United Kingdom,K02000001,2020-07-10,406,56045
18,101,overview,United Kingdom,K02000001,2020-07-17,312,56357
19,100,overview,United Kingdom,K02000001,2020-07-24,243,56600
20,99,overview,United Kingdom,K02000001,2020-07-31,212,56812
21,98,overview,United Kingdom,K02000001,2020-08-07,176,56988
22,97,overview,United Kingdom,K02000001,2020-08-14,161,57149
23,96,overview,United Kingdom,K02000001,2020-08-21,160,57309
24,95,overview,United Kingdom,K02000001,2020-08-28,120,57429
25,94,overview,United Kingdom,K02000001,2020-09-04,92,57521
26,93,overview,United Kingdom,K02000001,2020-09-11,120,57641
27,92,overview,United Kingdom,K02000001,2020-09-18,170,57811
28,91,overview,United Kingdom,K02000001,2020-09-25,242,58053
29,90,overview,United Kingdom,K02000001,2020-10-02,352,58405
30,89,overview,United Kingdom,K02000001,2020-10-09,489,58894
31,88,overview,United Kingdom,K02000001,2020-10-16,779,59673
32,87,overview,United Kingdom,K02000001,2020-10-23,1143,60816
33,86,overview,United Kingdom,K02000001,2020-10-30,1615,62431
34,85,overview,United Kingdom,K02000001,2020-11-06,2252,64683
35,84,overview,United Kingdom,K02000001,2020-11-13,2866,67549
36,83,overview,United Kingdom,K02000001,2020-11-20,3068,70617
37,82,overview,United Kingdom,K02000001,2020-11-27,3405,74022
38,81,overview,United Kingdom,K02000001,2020-12-04,3195,77217
39,80,overview,United Kingdom,K02000001,2020-12-11,3070,80287
40,79,overview,United Kingdom,K02000001,2020-12-18,3277,83564
41,78,overview,United Kingdom,K02000001,2020-12-25,3201,86765
42,77,overview,United Kingdom,K02000001,2021-01-01,3424,90189
43,76,overview,United Kingdom,K02000001,2021-01-08,6594,96783
44,75,overview,United Kingdom,K02000001,2021-01-15,7771,104554
45,74,overview,United Kingdom,K02000001,2021-01-22,9056,113610
46,73,overview,United Kingdom,K02000001,2021-01-29,9014,122624
47,72,overview,United Kingdom,K02000001,2021-02-05,7823,130447
48,71,overview,United Kingdom,K02000001,2021-02-12,6115,136562
49,70,overview,United Kingdom,K02000001,2021-02-19,4448,141010
50,69,overview,United Kingdom,K02000001,2021-02-26,3199,144209
51,68,overview,United Kingdom,K02000001,2021-03-05,2280,146489
52,67,overview,United Kingdom,K02000001,2021-03-12,1637,148126
53,66,overview,United Kingdom,K02000001,2021-03-19,1046,149172
54,65,overview,United Kingdom,K02000001,2021-03-26,800,149972
55,64,overview,United Kingdom,K02000001,2021-04-02,450,150422
56,63,overview,United Kingdom,K02000001,2021-04-09,422,150844
57,62,overview,United Kingdom,K02000001,2021-04-16,402,151246
58,61,overview,United Kingdom,K02000001,2021-04-23,290,151536
59,60,overview,United Kingdom,K02000001,2021-04-30,232,151768
60,59,overview,United Kingdom,K02000001,2021-05-07,139,151907
61,58,overview,United Kingdom,K02000001,2021-05-14,164,152071
62,57,overview,United Kingdom,K02000001,2021-05-21,115,152186
63,56,overview,United Kingdom,K02000001,2021-05-28,106,152292
64,55,overview,United Kingdom,K02000001,2021-06-04,108,152400
65,54,overview,United Kingdom,K02000001,2021-06-11,93,152493
66,53,overview,United Kingdom,K02000001,2021-06-18,116,152609
67,52,overview,United Kingdom,K02000001,2021-06-25,118,152727
68,51,overview,United Kingdom,K02000001,2021-07-02,132,152859
69,50,overview,United Kingdom,K02000001,2021-07-09,217,153076
70,49,overview,United Kingdom,K02000001,2021-07-16,268,153344
71,48,overview,United Kingdom,K02000001,2021-07-23,392,153736
72,47,overview,United Kingdom,K02000001,2021-07-30,468,154204
73,46,overview,United Kingdom,K02000001,2021-08-06,612,154816
74,45,overview,United Kingdom,K02000001,2021-08-13,652,155468
75,44,overview,United Kingdom,K02000001,2021-08-20,654,156122
76,43,overview,United Kingdom,K02000001,2021-08-27,770,156892
77,42,overview,United Kingdom,K02000001,2021-09-03,781,157673
78,41,overview,United Kingdom,K02000001,2021-09-10,998,158671
79,40,overview,United Kingdom,K02000001,2021-09-17,1049,159720
80,39,overview,United Kingdom,K02000001,2021-09-24,1110,160830
81,38,overview,United Kingdom,K02000001,2021-10-01,974,161804
82,37,overview,United Kingdom,K02000001,2021-10-08,825,162629
83,36,overview,United Kingdom,K02000001,2021-10-15,892,163521
84,35,overview,United Kingdom,K02000001,2021-10-22,975,164496
85,34,overview,United Kingdom,K02000001,2021-10-29,1044,165540
86,33,overview,United Kingdom,K02000001,2021-11-05,1194,166734
87,32,overview,United Kingdom,K02000001,2021-11-12,1198,167932
88,31,overview,United Kingdom,K02000001,2021-11-19,1090,169022
89,30,overview,United Kingdom,K02000001,2021-11-26,980,170002
90,29,overview,United Kingdom,K02000001,2021-12-03,912,170914
91,28,overview,United Kingdom,K02000001,2021-12-10,888,171802
92,27,overview,United Kingdom,K02000001,2021-12-17,856,172658
93,26,overview,United Kingdom,K02000001,2021-12-24,935,173593
94,25,overview,United Kingdom,K02000001,2021-12-31,640,174233
95,24,overview,United Kingdom,K02000001,2022-01-07,1023,175256
96,23,overview,United Kingdom,K02000001,2022-01-14,1561,176817
97,22,overview,United Kingdom,K02000001,2022-01-21,1673,178490
98,21,overview,United Kingdom,K02000001,2022-01-28,1545,180035
99,20,overview,United Kingdom,K02000001,2022-02-04,1391,181426
100,19,overview,United Kingdom,K02000001,2022-02-11,1186,182612
101,18,overview,United Kingdom,K02000001,2022-02-18,970,183582
102,17,overview,United Kingdom,K02000001,2022-02-25,879,184461
103,16,overview,United Kingdom,K02000001,2022-03-04,816,185277
104,15,overview,United Kingdom,K02000001,2022-03-11,821,186098
105,14,overview,United Kingdom,K02000001,2022-03-18,829,186927
106,13,overview,United Kingdom,K02000001,2022-03-25,1006,187933
107,12,overview,United Kingdom,K02000001,2022-04-01,1063,188996
108,11,overview,United Kingdom,K02000001,2022-04-08,1134,190130
109,10,overview,United Kingdom,K02000001,2022-04-15,1152,191282
110,9,overview,United Kingdom,K02000001,2022-04-22,1185,192467
111,8,overview,United Kingdom,K02000001,2022-04-29,1249,193716
112,7,overview,United Kingdom,K02000001,2022-05-06,838,194554
113,6,overview,United Kingdom,K02000001,2022-05-13,796,195350
114,5,overview,United Kingdom,K02000001,2022-05-20,615,195965
115,4,overview,United Kingdom,K02000001,2022-05-27,469,196434
116,3,overview,United Kingdom,K02000001,2022-06-03,211,196645
117,2,overview,United Kingdom,K02000001,2022-06-10,335,196980
118,1,overview,United Kingdom,K02000001,2022-06-17,309,197289
119,0,overview,United Kingdom,K02000001,2022-06-24,346,197635
