Date,Temperature (°F),Dew Point (°F),Humidity (%),Wind Speed (mph),Pressure (inHg),Precipitation (in),R0orig,R0alp,R0dlt,R0omi
2020-03-01,43.6,34.4,69.8,18.5,28.9,0.0,,,,
2020-03-02,40.4,34.6,80.3,9.7,29.1,0.0,,,,
2020-03-03,42.0,37.8,84.9,13.2,29.4,0.0,,,,
2020-03-04,41.2,36.9,85.3,5.2,29.6,0.0,,,,
2020-03-05,40.4,34.9,82.1,8.2,29.4,0.0,,,,
2020-03-06,40.3,35.6,85.0,5.7,29.6,0.0,,,,
2020-03-07,48.6,43.4,83.4,13.7,29.7,0.0,,,,
2020-03-08,48.4,42.5,80.9,14.0,29.4,0.0,,,,
2020-03-09,47.1,42.4,83.8,18.2,29.6,0.0,1.0000000148529775,,,
2020-03-10,53.1,47.5,81.7,16.9,29.4,0.0,1.0000000148529775,,,
2020-03-11,48.5,41.6,77.2,16.8,29.5,0.0,76.7095918478055,,,
2020-03-12,44.5,35.0,69.9,23.9,29.5,0.0,1.000000044558934,,,
2020-03-13,46.0,40.6,82.1,13.8,29.9,0.0,1.000000044558934,,,
2020-03-14,48.4,44.1,85.7,12.8,29.7,0.0,10.506490332632087,,,
2020-03-15,47.9,42.3,80.7,15.1,29.6,0.0,1.0000000594119127,,,
2020-03-16,47.0,38.0,72.5,11.6,30.0,0.0,1.0000000594119127,,,
2020-03-17,53.7,47.7,80.0,15.5,30.0,0.0,1.0000000594119127,,,
2020-03-18,46.3,42.3,86.4,9.8,30.1,0.0,6.230681420597621,,,
2020-03-19,45.2,36.9,75.1,7.0,30.3,0.0,2.990545703485127,,,
2020-03-20,44.3,34.3,69.8,14.3,30.4,0.0,2.611265834097052,,,
2020-03-21,42.7,32.1,68.0,14.4,30.3,0.0,3.4846801594679238,,,
2020-03-22,43.2,34.1,71.0,10.9,30.3,0.0,5.158138053161388,,,
2020-03-23,44.7,34.7,69.2,9.2,30.2,0.0,3.174928174557896,,,
2020-03-24,51.4,41.9,70.7,11.6,30.1,0.0,1.74853993531367,,,
2020-03-25,52.1,39.8,65.5,5.4,30.1,0.0,3.2020931630695153,,,
2020-03-26,49.7,31.6,53.4,5.6,30.2,0.0,6.969694653366825,,,
2020-03-27,47.8,32.1,56.0,9.9,30.3,0.0,5.708617787194276,,,
2020-03-28,45.4,34.5,66.7,14.4,30.4,0.0,7.045762823383861,,,
2020-03-29,41.5,28.1,59.6,12.8,30.7,0.0,11.703818551948096,,,
2020-03-30,45.1,35.0,67.7,8.2,30.6,0.0,12.795044475986302,,,
2020-03-31,44.9,37.1,74.3,7.7,30.4,0.0,14.504668460212647,,,
2020-04-01,46.4,39.9,78.4,11.1,30.1,0.0,25.17382272912561,,,
2020-04-02,48.8,43.3,81.5,16.2,29.9,0.0,22.672656249917637,,,
2020-04-03,48.8,39.6,71.7,9.7,29.9,0.0,33.02508708815413,,,
2020-04-04,50.6,42.6,74.2,9.8,29.9,0.0,67.21763153233154,,,
2020-04-05,56.4,42.1,59.9,14.6,29.7,0.0,150.8394830656252,,,
2020-04-06,53.7,43.5,69.1,12.4,29.9,0.0,229.40317185103382,,,
2020-04-07,51.6,40.8,68.6,7.7,30.3,0.0,470.09621771379125,,,
2020-04-08,55.9,44.6,67.4,4.7,30.2,0.0,487.44471496988166,,,
2020-04-09,55.9,48.3,76.2,6.9,30.2,0.0,9.679219951345454,,,
2020-04-10,58.3,50.2,75.8,7.9,30.1,0.0,2.733609378965385,,,
2020-04-11,57.5,52.1,82.7,5.9,30.1,0.0,2.146612734296295,,,
2020-04-12,54.5,49.9,85.0,8.7,29.9,0.0,2.231778289942977,,,
2020-04-13,46.3,33.1,61.2,14.8,30.3,0.0,4.313362865309639,,,
2020-04-14,45.3,33.6,65.1,4.8,30.3,0.0,2.6989246743195645,,,
2020-04-15,50.8,38.3,65.9,4.5,30.1,0.0,3.874559963205951,,,
2020-04-16,55.0,40.4,61.5,8.2,29.9,0.0,0.9693017425991306,,,
2020-04-17,52.3,42.1,68.8,13.4,30.0,0.0,4.441007503572402,,,
2020-04-18,46.4,40.8,80.8,7.3,30.0,0.0,1.9746709882263849,,,
2020-04-19,51.7,37.9,62.7,10.7,30.1,0.0,2.337516933338722,,,
2020-04-20,50.9,36.4,60.9,16.0,30.1,0.0,2.354086728164466,,,
2020-04-21,54.3,39.4,60.8,19.0,30.1,0.0,2.1944832547730733,,,
2020-04-22,56.0,42.4,62.6,13.5,30.1,0.0,1.8037862839589691,,,
2020-04-23,55.7,43.8,66.5,6.6,30.1,0.0,1.2705737181289931,,,
2020-04-24,57.1,42.9,61.9,5.9,29.9,0.0,0.944198656728302,,,
2020-04-25,55.3,44.8,69.3,6.8,29.9,0.0,0.9317430899965355,,,
2020-04-26,55.1,47.0,75.0,6.3,29.8,0.0,1.1958105949501925,,,
2020-04-27,52.3,40.1,64.4,8.2,29.7,0.0,1.3198137539196912,,,
2020-04-28,48.0,42.0,79.6,7.9,29.6,0.0,1.0391239927242597,,,
2020-05-01,51.3,42.8,73.0,14.8,29.4,0.0,0.7022631461681483,,,
2020-05-02,51.1,43.5,74.9,11.0,29.7,0.0,0.7261047854586775,,,
2020-05-03,51.7,43.5,74.9,4.1,29.9,0.0,0.9615603999196659,,,
2020-05-04,54.9,43.9,68.3,11.3,30.0,0.0,0.8175063762925646,,,
2020-05-05,51.8,38.1,61.3,14.3,30.1,0.0,0.9634832679130064,,,
2020-05-06,52.4,37.8,61.2,7.2,30.2,0.0,0.7956904320441698,,,
2020-05-07,57.8,44.8,63.5,6.1,30.1,0.0,0.8361541311208234,,,
2020-05-08,58.0,50.3,76.8,4.5,30.0,0.0,0.8513337903362359,,,
2020-05-09,60.9,50.1,71.2,4.8,29.8,0.0,0.8348833163647517,,,
2020-05-10,49.9,39.0,67.7,15.7,29.9,0.0,0.949929938734392,,,
2020-05-11,45.5,29.7,56.2,12.3,30.2,0.0,1.0162457784841534,,,
2020-05-12,49.3,39.3,69.3,13.7,30.1,0.0,0.9425793872905964,,,
2020-05-13,48.0,31.5,55.7,10.4,30.0,0.0,0.8853145247913441,,,
2020-05-14,47.6,34.2,61.8,7.7,30.2,0.0,0.9718337603155328,,,
2020-05-15,51.6,41.0,68.0,11.2,30.2,0.0,0.9730494200264288,,,
2020-05-16,54.1,41.6,63.8,10.8,30.1,0.0,0.9536586768038128,,,
2020-05-17,56.6,45.6,67.4,7.7,30.1,0.0,1.035630207895066,,,
2020-05-18,58.4,49.0,71.2,10.1,30.1,0.0,1.0488450381496923,,,
2020-05-19,61.0,52.1,72.3,7.9,30.1,0.0,0.9497160147388712,,,
2020-05-20,62.8,50.0,67.1,5.9,30.0,0.0,1.0666212579380785,,,
2020-05-21,61.6,50.6,68.7,6.8,30.0,0.0,0.9824595893643552,,,
2020-05-22,60.1,46.0,60.4,24.4,29.7,0.0,1.003053289697842,,,
2020-05-23,57.1,42.9,59.9,20.6,29.9,0.0,1.0232432624652317,,,
2020-05-24,58.8,48.2,68.7,17.4,30.3,0.0,1.0685247883992282,,,
2020-05-25,58.8,42.2,57.0,7.1,30.4,0.0,1.0224305254073491,,,
2020-05-26,60.0,49.1,67.3,7.7,30.5,0.0,1.0472428208644873,,,
2020-05-27,61.9,48.2,64.1,7.2,30.5,0.0,1.084118159030967,,,
2020-05-28,65.0,49.7,60.5,7.2,30.4,0.0,1.0425977258571857,,,
2020-05-29,65.8,42.3,45.7,8.1,30.3,0.0,1.0181436916958648,,,
2020-05-30,66.6,42.6,42.7,10.8,30.1,0.0,1.1082015292189316,,,
2020-05-31,65.4,43.4,47.7,10.8,30.1,0.0,1.0792976154650864,,,
2020-06-01,64.7,46.0,52.7,8.2,30.2,0.0,1.1171548624422385,,,
2020-06-02,64.3,44.5,50.2,7.6,30.0,0.0,1.0669037859490094,,,
2020-06-03,56.1,49.7,80.0,10.0,29.8,0.0,1.0613080076186534,,,
2020-06-04,53.5,45.9,75.8,11.2,29.6,0.0,1.1333077254877102,,,
2020-06-05,52.4,41.8,68.3,20.9,29.3,0.0,1.029103582485855,,,
2020-06-06,54.7,46.8,75.8,21.9,29.3,0.0,1.073179830619495,,,
2020-06-07,56.2,51.1,83.5,12.7,29.7,0.0,1.0574546857479803,,,
2020-06-08,54.8,46.7,74.9,6.3,30.0,0.0,1.0713154047132898,,,
2020-06-09,56.7,46.8,70.5,5.3,30.0,0.0,1.0471529825225627,,,
2020-06-10,55.6,49.9,81.8,7.1,29.8,0.0,1.065439614417588,,,
2020-06-11,56.5,49.6,78.9,17.0,29.9,0.0,1.0312266326572983,,,
2020-06-12,59.8,53.8,81.0,17.6,29.7,0.0,1.0365235399810602,,,
2020-06-13,65.0,55.1,72.5,10.9,29.7,0.0,1.0549194367493224,,,
2020-06-14,62.6,56.3,80.9,6.3,29.8,0.0,1.0185947620907956,,,
2020-06-15,64.2,58.5,83.2,5.6,29.9,0.0,1.0762657703586709,,,
2020-06-16,63.5,58.7,85.8,5.1,29.9,0.0,1.0144283492697237,,,
2020-06-17,63.5,58.3,85.1,5.2,29.8,0.0,1.01077084407351,,,
2020-06-18,57.9,56.1,94.3,7.8,29.7,0.0,1.06049769954476,,,
2020-06-19,58.7,55.0,87.8,9.7,29.7,0.0,1.0315983271450284,,,
2020-06-20,61.6,52.9,74.8,10.2,29.9,0.0,1.0149327914764286,,,
2020-06-21,60.5,52.1,74.3,14.8,29.8,0.0,1.04848622488973,,,
2020-06-22,61.4,50.6,68.5,12.8,30.0,0.0,1.0222690953641638,,,
2020-06-23,67.2,57.1,71.3,10.0,30.1,0.0,1.0182441034185277,,,
2020-06-24,70.5,60.3,73.0,4.9,30.0,0.0,1.0106648377255691,,,
2020-06-25,73.7,60.2,64.5,8.7,29.9,0.0,1.023920198320431,,,
2020-06-26,69.2,60.5,74.6,7.6,29.6,0.0,1.0120660378713242,,,
2020-06-27,61.1,55.9,83.7,13.5,29.4,0.0,1.0262403846027162,,,
2020-06-28,57.2,49.4,75.3,19.2,29.5,0.0,1.0102160869138872,,,
2020-06-29,56.5,51.0,81.5,15.8,29.6,0.0,1.0228699506312575,,,
2020-06-30,58.9,52.3,78.2,8.7,29.6,0.0,1.0261314358990603,,,
2020-07-01,60.5,54.6,81.5,5.8,29.5,0.0,1.0097726225865655,,,
2020-07-02,58.8,54.7,87.1,8.0,29.7,0.0,1.0026384742437169,,,
2020-07-03,60.0,54.4,81.8,14.9,29.7,0.0,1.0110430669673427,,,
2020-07-04,63.2,57.9,83.5,11.8,29.6,0.0,1.0135834849388794,,,
2020-07-05,60.4,50.6,71.0,21.9,29.6,0.0,1.0210985787536528,,,
2020-07-06,58.2,49.2,72.6,20.0,30.0,0.0,1.011690478327935,,,
2020-07-07,55.6,52.4,87.8,6.0,30.0,0.0,1.00930136522113,,,
2020-07-08,57.4,55.4,93.4,8.4,29.8,0.0,1.0110019082726749,,,
2020-07-09,57.1,54.1,89.5,10.1,29.8,0.0,1.01364138689174,,,
2020-07-10,57.4,49.0,74.1,15.9,30.0,0.0,1.0119568621639985,,,
2020-07-11,58.0,47.0,67.4,10.8,30.2,0.0,1.0032842170645404,,,
2020-07-12,59.3,47.6,67.0,5.5,30.2,0.0,1.0205261013966969,,,
2020-07-13,61.7,55.7,81.2,9.5,30.1,0.0,1.0114432988405857,,,
2020-07-14,58.1,51.5,78.9,11.5,29.9,0.0,1.0178835162588828,,,
2020-07-15,58.1,55.7,92.5,12.3,29.9,0.0,1.0079519047907186,,,
2020-07-16,62.9,58.3,85.8,11.3,30.0,0.0,1.0194600426438056,,,
2020-07-17,65.6,58.2,77.6,8.8,30.0,0.0,1.0131527110666256,,,
2020-07-18,61.3,57.5,87.7,8.3,29.9,0.0,1.0125939835510676,,,
2020-07-19,58.5,48.5,70.5,9.8,30.0,0.0,1.012506293249438,,,
2020-07-20,58.6,46.2,63.8,9.4,30.1,0.0,1.029701211058971,,,
2020-07-21,58.3,50.4,75.9,5.4,30.2,0.0,1.0123915472348757,,,
2020-07-22,60.3,52.5,75.9,7.3,30.1,0.0,1.0021994300562744,,,
2020-07-23,61.3,57.6,88.0,9.6,29.8,0.0,1.0046066130135791,,,
2020-07-24,63.9,57.5,81.3,5.2,29.7,0.0,1.013263024392281,,,
2020-07-25,63.3,58.0,83.3,10.5,29.6,0.0,1.0219549840901203,,,
2020-07-26,62.3,53.6,72.6,13.2,29.6,0.0,1.0048015066701586,,,
2020-07-27,60.5,56.1,86.1,14.2,29.5,0.0,1.004319442995783,,,
2020-07-28,59.0,50.1,72.8,19.1,29.8,0.0,1.0108781106509577,,,
2020-07-29,60.0,49.6,69.0,8.9,30.0,0.0,1.0106177041452908,,,
2020-07-30,66.9,55.3,69.5,7.6,29.9,0.0,1.0122720887725516,,,
2020-07-31,70.9,57.1,63.1,8.3,29.7,0.0,1.0112346900451694,,,
2020-08-01,62.0,54.3,76.7,9.2,29.9,0.0,1.0109781671052671,,,
2020-08-02,60.7,52.2,73.4,10.7,29.9,0.0,1.0449193000192725,,,
2020-08-03,59.0,50.2,73.6,9.8,29.9,0.0,1.0457806445369076,,,
2020-08-04,59.5,53.5,81.0,12.1,29.8,0.0,1.0189709037380617,,,
2020-08-05,66.6,60.6,80.7,12.8,29.7,0.0,1.0517470748092281,,,
2020-08-06,67.3,61.4,81.4,4.8,29.9,0.0,1.0788304213709097,,,
2020-08-07,70.7,63.6,78.6,6.4,29.9,0.0,1.0604385745480889,,,
2020-08-08,66.8,60.2,80.2,6.5,30.1,0.0,1.0286090769343337,,,
2020-08-09,65.7,58.2,77.0,1.9,30.0,0.0,1.035344396024436,,,
2020-08-10,67.6,61.5,81.5,8.2,29.9,0.0,1.0275826970891309,,,
2020-08-11,71.9,65.0,79.8,6.8,29.9,0.0,1.0178393922557407,,,
2020-08-12,73.0,65.5,79.1,5.3,29.9,0.0,1.0194542497321997,,,
2020-08-13,70.5,63.8,80.6,9.1,29.9,0.0,1.0116441558281457,,,
2020-08-14,68.5,60.8,77.1,7.3,29.9,0.0,1.0030631625733886,,,
2020-08-15,65.7,58.0,77.3,9.0,29.9,0.0,1.012366805869467,,,
2020-08-16,63.9,59.5,85.9,10.2,29.8,0.0,1.0199633079084014,,,
2020-08-17,64.4,60.6,87.7,6.3,29.6,0.0,1.002926180893354,,,
2020-08-18,66.0,58.8,79.0,10.3,29.6,0.0,1.0105475588820263,,,
2020-08-19,65.6,62.6,90.2,10.6,29.4,0.0,1.0020487471715671,,,
2020-08-20,66.7,55.4,67.8,13.4,29.4,0.0,1.0206283490268409,,,
2020-08-21,64.2,56.3,76.5,19.4,29.3,0.0,1.0040501871729204,,,
2020-08-22,62.6,55.7,79.7,14.5,29.6,0.0,1.0045343757161092,,,
2020-08-23,61.5,56.3,84.1,11.8,29.9,0.0,1.0454705815921894,,,
2020-08-24,61.2,51.8,71.5,7.6,29.8,0.0,1.044220851161513,,,
2020-08-25,62.1,58.9,89.9,20.0,29.2,0.0,1.0355419649096775,,,
2020-08-26,60.9,56.2,85.5,16.1,29.8,0.0,1.0511754048617696,,,
2020-08-27,56.2,54.0,91.1,7.1,29.7,0.0,1.0132958239253809,,,
2020-08-28,56.3,50.9,81.9,12.2,29.6,0.0,1.0285894716886022,,,
2020-08-29,54.9,45.0,69.9,11.7,29.8,0.0,1.0693008436762552,,,
2020-08-30,54.1,42.0,64.4,7.5,30.0,0.0,1.0924175348926954,,,
2020-09-01,59.1,49.3,71.9,3.2,30.0,0.0,1.1282545969700513,,,
2020-09-02,59.9,54.6,83.4,11.5,29.9,0.0,1.1414255049744777,,,
2020-09-03,63.0,56.0,78.2,12.6,29.8,0.0,1.1709855651021686,,,
2020-09-04,58.9,49.1,71.1,11.1,30.0,0.0,1.181803833994039,,,
2020-09-05,57.9,50.2,76.0,14.7,30.0,0.0,1.2283517402323387,,,
2020-09-06,59.0,53.1,80.5,8.8,30.0,0.0,1.281678050069915,,,
2020-09-07,60.9,56.3,85.0,7.7,30.0,0.0,1.2702841239264522,,,
2020-09-08,67.7,62.0,81.9,8.2,30.1,0.0,1.241636729605106,,,
2020-09-09,61.5,52.0,72.0,13.9,30.1,0.0,1.19792538079835,,,
2020-09-10,57.0,47.2,70.2,6.3,30.1,0.0,1.2609620274984077,,,
2020-09-11,59.7,51.3,74.4,12.4,29.8,0.0,1.1315836802528154,,,
2020-09-12,60.2,50.0,70.4,12.6,29.9,0.0,1.1408592625508194,,,
2020-09-13,66.5,56.3,70.8,11.4,30.0,0.0,1.1342022017967277,,,
2020-09-14,65.1,57.3,78.2,6.0,30.0,0.0,1.1251662679745935,,,
2020-09-15,66.3,57.9,76.3,4.7,30.0,0.0,1.1981322845939242,,,
2020-09-16,62.2,57.2,84.1,9.1,30.2,0.0,1.1277284074151008,,,
2020-09-17,59.5,50.7,73.0,7.6,30.3,0.0,1.128497978718761,,,
2020-09-18,55.8,47.8,76.2,9.2,30.2,0.0,1.1937339898266015,,,
2020-09-19,57.7,48.6,73.1,10.7,30.1,0.0,1.23564438748926,,,
2020-09-20,56.5,49.1,77.7,7.3,30.1,0.0,1.1539604568343529,,,
2020-09-21,58.5,52.5,82.3,5.5,29.9,0.0,1.213039175557724,,,
2020-09-22,59.4,54.9,86.4,7.2,29.6,0.0,1.2795000298395265,,,
2020-09-23,54.7,49.7,83.7,11.9,28.5,0.0,1.2117657400098285,,,
2020-09-24,49.8,44.8,83.1,8.1,29.2,0.0,1.176856400085852,,,
2020-09-25,52.4,41.1,66.0,15.7,29.7,0.0,1.1035275890885714,,,
2020-09-26,51.2,39.1,63.9,11.6,29.9,0.0,1.097957784215853,,,
2020-09-27,49.8,39.8,69.5,7.9,29.9,0.0,1.2036157444796325,,,
2020-09-28,51.2,48.4,90.6,5.1,29.8,0.0,1.1000915397862319,,,
2020-09-29,54.0,49.4,86.0,3.1,29.9,0.0,1.160459836895225,,,
2020-09-30,53.9,50.9,89.9,10.8,29.5,0.0,1.2267814898609328,,,
2020-10-01,51.8,45.6,80.8,7.4,29.3,0.0,1.223823429524108,,,
2020-10-02,52.9,47.0,80.3,14.6,29.3,0.0,1.2459541391868454,,,
2020-10-03,53.4,50.8,92.0,15.4,29.1,0.0,1.2096064504910065,,,
2020-10-04,54.9,49.0,81.9,10.8,28.9,0.0,1.2603914203726592,,,
2020-10-05,55.6,53.2,91.3,12.4,29.2,0.0,1.2991523648279182,,,
2020-10-06,53.8,50.7,89.5,11.2,29.3,0.0,1.2154716474718408,,,
2020-10-07,54.2,48.3,81.9,14.4,29.7,0.0,1.2020950079901929,,,
2020-10-08,53.4,48.9,85.9,10.3,29.7,0.0,1.20495419959729,,,
2020-10-09,50.5,44.0,78.9,13.2,29.9,0.0,1.0936067832007137,,,
2020-10-10,52.7,47.4,83.3,16.0,30.1,0.0,1.099553435570157,,,
2020-10-11,51.8,45.0,77.8,7.2,30.2,0.0,1.2746878660619274,,,
2020-10-12,51.2,47.2,87.4,9.1,29.9,0.0,1.183581495662524,,,
2020-10-13,50.8,46.1,84.1,10.2,29.8,0.0,1.131701226726323,,,
2020-10-14,52.8,47.0,81.9,10.0,30.2,0.0,1.1412440253394145,,,
2020-10-15,49.6,43.7,79.4,8.4,30.3,0.0,1.072198837773594,,,
2020-10-16,50.3,44.5,80.1,7.3,30.2,0.0,1.1315071445923799,,,
2020-10-17,49.4,45.0,85.4,5.2,30.1,0.0,1.0176720732097255,,,
2020-10-18,51.3,47.5,88.5,4.6,30.1,0.0,1.2528296991782233,,,
2020-10-19,51.8,46.1,81.3,10.3,29.8,0.0,1.1826219417825359,,,
2020-10-20,57.8,51.1,79.5,13.3,29.3,0.0,1.202491658477687,,,
2020-10-21,56.9,53.6,89.2,8.5,29.3,0.0,1.2380398227710099,,,
2020-10-22,51.1,43.7,76.0,11.8,29.6,0.0,1.0873360657385545,,,
2020-10-23,48.2,42.8,81.7,10.2,29.6,0.0,1.043041289378443,,,
2020-10-24,50.5,46.9,87.5,11.2,29.3,0.0,1.038237059490188,,,
2020-10-25,48.3,43.6,82.7,12.1,29.2,0.0,1.2636773278844389,,,
2020-10-26,50.1,45.3,83.5,16.2,29.2,0.0,1.227854323947634,,,
2020-10-27,48.6,44.5,85.3,11.5,29.2,0.0,1.2122668139514563,,,
2020-10-28,48.4,42.6,79.4,12.5,29.3,0.0,1.2206082760957422,,,
2020-10-29,53.8,48.9,82.7,13.7,29.6,0.0,1.1963716707711989,,,
2020-10-30,55.3,51.5,87.8,9.9,29.8,0.0,1.025561386746748,,,
2020-10-31,55.4,49.3,80.3,18.2,29.6,0.0,1.0364873734768,,,
2020-11-01,55.5,49.8,81.5,16.5,29.3,0.0,1.1699099951347551,,,
2020-11-02,53.4,46.6,78.2,19.7,29.4,0.0,1.1333528502729446,,,
2020-11-03,45.9,39.9,80.1,10.6,29.9,0.0,1.1001816956014163,,,
2020-11-04,45.9,43.2,89.7,5.9,30.4,0.0,1.074881104499663,,,
2020-11-05,48.7,45.7,89.1,6.0,30.5,0.0,1.06508010100539,,,
2020-11-06,47.6,44.6,88.9,6.8,30.3,0.0,0.9271424183350648,,,
2020-11-07,46.9,43.7,89.2,7.2,30.0,0.0,1.0123618139733648,,,
2020-11-08,48.3,46.4,93.3,5.0,30.0,0.0,1.113414055589808,,,
2020-11-09,55.5,54.3,94.4,9.1,30.0,0.0,0.9251814661394374,,,
2020-11-10,54.6,51.1,88.1,8.4,30.0,0.0,0.9789652132493174,,,
2020-11-11,53.0,48.5,85.2,13.3,29.8,0.0,0.9562628559789744,,,
2020-11-12,51.4,45.7,81.8,12.4,29.7,0.0,0.9551378272816696,,,
2020-11-13,49.6,44.4,82.3,12.4,29.6,0.0,0.8730513348186477,,,
2020-11-14,52.5,49.0,87.8,13.0,29.4,0.0,0.836609982439772,,,
2020-11-15,51.0,44.9,80.8,18.1,29.1,0.0,1.013694899162247,,,
2020-11-16,52.3,47.1,83.2,16.3,29.6,0.0,0.9247891703443072,,,
2020-11-17,57.7,52.4,81.5,14.9,29.8,0.0,0.9426880050057762,,,
2020-11-18,53.4,46.7,77.9,17.5,29.7,0.0,0.8937868171624731,,,
2020-11-19,46.6,39.9,77.8,12.2,30.2,0.0,0.8379754611356586,,,
2020-11-20,48.7,44.5,86.5,10.5,30.3,0.0,0.8366364466923168,,,
2020-11-21,52.9,47.1,81.5,13.2,30.1,0.0,0.8111146288496095,,,
2020-11-22,46.6,39.6,76.8,10.5,30.2,0.0,0.95834500881914,,,
2020-11-23,44.7,41.0,87.0,9.9,30.1,0.0,0.8839071780947056,,,
2020-11-24,53.4,47.0,81.0,14.4,29.8,0.0,0.9016074148383818,,,
2020-11-25,46.7,43.3,87.7,7.8,29.8,0.0,0.9332735019106828,,,
2020-11-26,43.7,41.3,91.0,3.3,30.0,0.0,0.9097179535514338,,,
2020-11-27,41.2,39.4,93.5,4.9,30.0,0.0,0.9107647025195404,,,
2020-11-28,42.5,40.7,93.4,6.9,30.0,0.0,0.9631867504878904,19.348691100472976,,
2020-11-29,47.8,46.3,94.8,4.9,30.2,0.0,1.0518260509862571,11.69939662308344,,
2020-11-30,48.4,44.7,88.1,11.6,30.1,0.0,0.9967426704934966,1.0207844926186942,,
2020-12-01,43.5,38.7,83.3,4.3,30.2,0.0,1.0106685934923367,6.952012705528022,,
2020-12-02,45.8,41.7,85.9,9.6,29.9,0.0,1.0081741691676125,1.0125395877175145,,
2020-12-03,40.9,37.9,89.9,9.5,29.1,0.0,1.0564494510577922,1.0245116420075773,,
2020-12-04,41.3,37.1,85.7,13.1,28.7,0.0,0.985966633917126,1.0209060294005523,,
2020-12-05,40.1,37.0,88.7,10.3,29.2,0.0,1.0026276385783246,1.0195212665882898,,
2020-12-06,40.6,37.4,88.9,4.4,29.5,0.0,1.246647373652908,8.009546323371602,,
2020-12-07,39.1,37.0,92.5,3.6,29.4,0.0,1.1178638644419443,5.0785394752769495,,
2020-12-08,43.0,41.4,93.5,11.7,29.4,0.0,1.1456824613523382,1.0098310183292014,,
2020-12-09,44.3,38.9,82.1,10.2,29.5,0.0,1.2306295891231884,12.341451018022376,,
2020-12-10,45.1,41.6,87.2,13.2,29.3,0.0,1.208738257061627,6.267294406480263,,
2020-12-11,47.3,46.3,95.8,7.0,29.0,0.0,1.1928968538612894,1.0175508604353645,,
2020-12-12,46.2,43.8,90.7,10.7,29.4,0.0,1.2399020094292497,1.0156291164025582,,
2020-12-13,45.1,42.8,92.1,12.7,29.3,0.0,1.4111584569431872,12.482276336530877,,
2020-12-14,48.8,44.3,83.8,12.3,29.2,0.0,1.3616685178269623,4.674442696224936,,
2020-12-15,45.8,41.2,84.0,10.3,29.4,0.0,1.3982534124133157,1.0088730993049186,,
2020-12-16,47.2,43.6,86.7,14.5,29.5,0.0,1.6442148229435407,10.814850102649336,,
2020-12-17,46.5,43.1,88.1,11.3,29.7,0.0,1.459469554622547,2.670860917068685,,
2020-12-18,54.3,51.8,91.0,17.2,29.5,0.0,1.1879808292020269,1.4756096266165348,,
2020-12-19,49.3,43.9,81.4,14.6,29.4,0.0,1.358367040371817,2.3950485284826204,,
2020-12-20,44.7,40.6,86.2,12.1,29.6,0.0,1.4832986721636774,8.281456190640956,,
2020-12-21,46.8,44.8,93.4,8.5,29.5,0.0,1.362911774532216,6.941163806963624,,
2020-12-22,42.4,39.2,89.3,6.3,29.7,0.0,1.5177472526093736,7.151568622847233,,
2020-12-23,43.0,39.9,90.1,16.6,29.7,0.0,1.1581997400958202,3.2507983329692167,,
2020-12-24,38.8,30.8,72.7,11.2,30.2,0.0,0.8770832255009235,1.1011940813492702,,
2020-12-25,37.6,31.4,78.5,6.2,30.3,0.0,1.330480392857822,3.303132584914,,
2020-12-26,47.1,41.3,80.2,16.6,29.7,0.0,1.6227500533507428,4.618643193555664,,
2020-12-27,41.8,36.8,81.7,15.9,28.6,0.0,1.5447615435190258,4.052395741003235,,
2020-12-28,35.2,33.5,93.6,7.6,28.7,0.0,2.2811149206793018,3.5267771160928074,,
2020-12-29,36.6,34.1,90.3,7.8,29.2,0.0,2.1401273982002,5.259411581507202,,
2020-12-30,36.7,34.9,92.0,6.2,29.5,0.0,1.5908748401392323,4.760932658127559,,
2020-12-31,35.4,33.7,93.3,4.9,29.6,0.0,1.2204106914795194,3.5336940830583927,,
2021-01-01,38.6,34.7,85.6,8.2,29.8,0.0,2.085277102335304,8.05116066283734,,
2021-01-02,35.5,31.3,86.2,7.2,30.0,0.0,1.6415017609776619,6.172649660553438,,
2021-01-03,36.8,32.6,85.3,7.6,30.1,0.0,1.7999045630054993,7.175639321454388,,
2021-01-04,36.6,32.4,84.8,9.9,30.2,0.0,1.5948436315176568,6.273999045419592,,
2021-01-05,37.3,31.7,80.2,9.8,30.2,0.0,1.2475525248265853,4.800713403385687,,
2021-01-06,34.5,31.2,88.8,7.1,30.1,0.0,1.1919436626456268,4.623021222271284,,
2021-01-07,31.8,30.6,95.3,4.0,30.0,0.0,1.0273843773089768,3.924933553744432,,
2021-01-08,35.6,33.9,93.3,9.3,30.0,0.0,0.8990077492117307,3.7120304309335386,,
2021-01-09,33.8,31.8,92.9,3.5,30.2,0.0,0.7964589030785516,3.3649788804621736,,
2021-01-10,39.6,36.9,90.3,6.3,30.1,0.0,0.9585805847982518,4.817311166350857,,
2021-01-11,45.6,40.9,84.3,13.4,29.8,0.0,0.7547023577789653,3.707157423156887,,
2021-01-12,41.7,36.7,82.8,7.1,29.9,0.0,0.5198646191131571,2.5076620810905474,,
2021-01-13,38.9,37.7,95.2,5.9,29.9,0.0,0.4105623526105542,2.024386042521697,,
2021-01-14,39.1,38.3,96.3,8.6,29.9,0.0,0.3782385888189808,2.073275660601438,,
2021-01-15,32.7,31.6,96.0,6.3,30.3,0.0,0.3318846576964129,2.101385685620756,,
2021-01-16,52.2,47.8,85.8,17.5,29.9,0.0,0.273510052885122,1.8183388744211688,,
2021-01-17,43.0,38.0,83.9,12.8,30.1,0.0,0.2782987974992571,2.3605029450961736,,
2021-01-18,43.4,39.2,86.3,8.4,29.9,0.0,0.3087679500029549,1.9918912903095456,,
2021-01-19,48.9,47.2,94.6,12.0,29.3,0.0,0.31558980253155555,1.641954332224424,,
2021-01-20,46.8,45.0,94.0,12.2,28.8,0.0,0.34144295598407626,1.2397248880531355,,
2021-01-21,41.4,36.5,83.1,17.7,28.8,0.0,0.4386742435655038,1.4423215939913128,,
2021-01-22,40.6,36.2,84.3,10.2,29.1,0.0,0.4138769065633697,0.4754116423069902,,
2021-01-23,36.8,35.1,93.4,6.2,29.3,0.0,0.5117219606727039,0.8124903349025967,,
2021-01-24,33.8,30.7,89.3,6.6,29.4,0.0,0.6051468084099969,1.0976285163529302,,
2021-01-25,37.1,33.0,86.0,9.7,29.7,0.0,0.6461403177217221,0.7981655365957614,,
2021-01-26,37.7,34.7,89.4,7.8,29.8,0.0,0.7048776426185217,1.039229451830655,,
2021-01-27,47.2,45.3,92.6,7.6,29.7,0.0,0.7712180756126421,0.7981862380282814,,
2021-01-28,48.4,46.4,93.7,9.8,29.4,0.0,0.8702343893420724,1.274628540266154,,
2021-01-29,46.3,44.1,91.7,9.7,29.3,0.0,0.8419969761062913,0.13581100581116834,,
2021-01-30,38.9,33.5,80.9,20.1,29.4,0.0,0.8899733404450239,0.18270352012031574,,
2021-02-01,36.6,30.8,79.6,7.3,29.4,0.0,0.9681245455099072,0.9572990498196372,,
2021-02-02,40.9,39.9,95.5,12.5,29.1,0.0,1.0216717312731316,0.6440342021890724,,
2021-02-03,45.6,42.6,88.5,6.2,29.2,0.0,1.0415347475572552,0.7644336287099744,,
2021-02-04,44.5,41.9,90.7,9.1,29.6,0.0,1.0218492576124676,0.2296245099265609,,
2021-02-05,44.4,42.5,92.5,6.9,29.6,0.0,1.0695898326707878,0.1787635767234177,,
2021-02-06,41.0,38.5,91.1,10.5,29.7,0.0,1.0537597660885496,0.2217141759645712,,
2021-02-07,36.8,28.9,73.7,16.7,29.8,0.0,1.0591239527844445,0.7961065512776128,,
2021-02-08,34.3,25.9,71.8,15.3,29.7,0.0,1.0107592795993874,0.4745627381901214,,
2021-02-09,32.4,26.7,78.8,13.3,29.7,0.0,1.0632214037802816,0.4257429432070213,,
2021-02-10,31.5,22.8,70.7,9.6,30.0,0.0,1.0679876733786229,0.8635512701117433,,
2021-02-11,32.8,24.8,72.8,15.5,30.2,0.0,1.0831069365887698,0.27648265827646,,
2021-02-12,34.3,24.0,66.1,17.0,30.3,0.0,1.0623642561159654,0.3978797176243967,,
2021-02-13,34.0,22.5,63.2,17.8,30.3,0.0,1.054976549842754,0.3642647874118683,,
2021-02-14,41.3,34.0,76.2,19.0,29.9,0.0,1.0645626935609072,0.9582666581442352,,
2021-02-15,49.0,45.7,89.7,9.6,29.8,0.0,1.0464304156087587,0.4079464102853669,,
2021-02-16,50.7,45.5,82.7,10.4,29.6,0.0,1.033812941491947,0.5348578021892876,,
2021-02-17,49.4,43.6,80.4,12.3,29.5,0.0,1.0351477796070836,0.5720481419416374,,
2021-02-18,48.7,41.4,76.3,16.1,29.4,0.0,1.066927712941826,0.9609266541201242,,
2021-02-19,49.5,43.7,81.7,16.4,29.4,0.0,1.0317569609742652,0.29768483069078244,,
2021-02-20,54.2,49.5,84.4,18.0,29.3,0.0,1.033585426191612,0.6634984736622054,,
2021-02-21,50.5,45.8,84.0,6.7,29.6,0.0,1.0565549114073571,1.6147855822323096,,
2021-02-22,49.1,44.4,84.2,4.4,29.8,0.0,1.0239995804356858,0.7164274840705314,,
2021-02-23,51.2,45.5,81.1,17.8,29.8,0.0,1.007775462040399,0.6708755640500165,,
2021-02-24,55.3,52.1,88.7,14.0,29.9,0.0,0.9800350321878264,0.3030210822451216,,
2021-02-25,47.5,41.0,78.6,8.5,30.2,0.0,0.9980670870907,0.6280360731531742,,
2021-02-26,45.0,39.2,81.0,4.2,30.5,0.0,0.9890786417979952,0.6887155543129715,,
2021-02-27,45.1,38.8,80.5,3.4,30.6,0.0,0.987550239957228,0.3794355255948757,,
2021-02-28,44.2,38.6,82.3,3.3,30.6,0.0,0.9860344270038804,0.7735239459436491,,
2021-03-01,42.7,38.5,86.2,7.0,30.4,0.0,0.9846361252096986,0.7711434235816896,,
2021-03-02,41.2,36.9,84.5,8.7,30.3,0.0,0.979272686432204,0.8433411270454356,,
2021-03-03,41.0,38.3,90.7,7.1,30.2,0.0,0.9756220465567522,1.2317599144016544,,
2021-03-04,42.4,36.3,79.6,8.6,30.2,0.0,0.9879903626600944,1.1760092050263968,,
2021-03-05,41.9,30.3,64.1,6.3,30.4,0.0,0.9894337925706834,1.2003288239415555,,
2021-03-06,40.9,28.6,62.1,3.1,30.4,0.0,0.9864835957135352,0.9593000340225416,,
2021-03-07,40.2,33.9,78.8,4.6,30.3,0.0,0.9848912488034652,1.1306365119762103,,
2021-03-08,43.0,36.7,80.3,5.5,30.1,0.0,0.9857403696063088,0.927625797717084,,
2021-03-09,45.7,39.5,79.2,9.5,29.9,0.0,0.9850487632048102,1.069408201753997,,
2021-03-10,50.5,46.4,85.5,20.0,29.4,0.0,0.9845199307165616,1.2446078967746217,,
2021-03-11,48.1,40.1,74.6,24.8,29.1,0.0,0.9918325519968744,1.2842739628895414,,
2021-03-12,45.9,38.3,75.7,18.0,29.3,0.0,0.9909877036263206,1.0798863580722178,,
2021-03-13,45.5,38.8,77.9,24.3,29.2,0.0,0.9900721579937192,1.087217927526835,,
2021-03-14,47.3,43.5,85.8,20.8,29.8,0.0,0.9937403176573044,1.4471547451899367,,
2021-03-15,50.2,44.9,81.2,14.3,30.1,0.0,0.9905248374290121,1.15328771502884,,
2021-03-16,50.6,47.0,88.0,13.5,30.3,0.0,0.9893743045099992,1.4725071596865982,,
2021-03-17,47.4,43.1,84.5,10.7,30.4,0.0,0.9904674318497952,1.4638291172849691,,
2021-03-18,47.6,46.1,94.7,12.8,30.4,0.0,0.9930054606011529,1.3342599737893792,,
2021-03-19,50.9,45.5,82.3,6.4,30.3,0.0,0.9939175927487444,1.2817333479871715,,
2021-03-20,49.4,45.9,88.4,9.2,30.4,0.0,0.9934314565852972,1.3700491004231847,,
2021-03-21,47.7,42.3,82.5,8.3,30.3,0.0,0.9939677183871264,1.0582662534088072,,
2021-03-22,49.3,41.6,75.0,8.0,30.2,0.0,0.9952487321019788,1.2797669346573788,,
2021-03-23,50.1,40.8,70.5,10.3,30.1,0.0,0.9932220507913996,0.9672976460529188,,
2021-03-24,51.1,41.3,70.0,11.2,29.9,0.0,0.9927738807975344,1.4500521551589762,,
2021-03-25,52.3,42.9,71.4,12.2,29.8,0.0,0.9972500182781012,1.004268277490838,,
2021-03-26,49.3,40.3,72.5,17.6,29.6,0.0,0.9977885172991696,0.6080829087352166,,
2021-03-27,48.2,37.2,66.2,18.3,29.9,0.0,0.9973973855762014,1.1529816329307798,,
2021-03-28,55.6,50.1,81.6,19.4,29.9,0.0,0.9978832581258196,0.914600097956324,,
2021-03-29,58.7,50.5,74.4,17.0,30.1,0.0,0.9986191441885696,0.9455557915271124,,
2021-03-30,57.0,47.9,72.9,5.1,30.2,0.0,0.9969224087765152,1.0602577902573715,,
2021-03-31,59.2,49.2,70.4,5.5,30.0,0.0,0.9974227506271937,0.8818454275980067,,
2021-04-01,50.1,43.7,78.5,12.3,30.2,0.0,1.0021895931185836,0.8301512812834106,,
2021-04-02,46.7,36.1,67.9,8.0,30.4,0.0,0.9999101239262076,0.734297037548759,,
2021-04-03,48.0,37.9,68.8,6.8,30.4,0.0,0.9995803129984732,0.8882940994317484,,
2021-04-04,49.1,42.8,79.6,11.2,30.2,0.0,0.9995488178334391,1.1349269140654905,,
2021-04-05,44.3,27.0,52.8,17.9,30.0,0.0,0.9993575115448058,1.0144078135434984,,
2021-04-06,41.8,27.2,56.6,13.7,30.1,0.0,0.9977558530522714,1.198013538448994,,
2021-04-07,43.4,28.4,56.1,11.1,30.1,0.0,0.9975225230515314,1.1364143914404332,,
2021-04-08,48.5,39.9,73.1,14.4,29.9,0.0,0.9998629498976837,1.380176031078954,,
2021-04-09,48.0,36.9,67.8,11.3,29.8,0.0,1.000777540260749,0.993382866792348,,
2021-04-10,41.9,34.3,75.3,7.3,29.9,0.0,1.0011795409064963,1.0535129337286415,,
2021-04-11,46.7,28.5,49.3,18.8,30.1,0.0,1.0007558193044328,1.0844573793531198,,
2021-04-12,45.7,30.4,58.9,7.4,30.3,0.0,0.9996108789231352,1.2338019954778408,,
2021-04-13,47.9,36.9,67.4,5.7,30.4,0.0,0.9996373866505812,1.1720338568056694,,
2021-04-14,49.4,39.0,64.2,5.0,30.4,0.0,0.9999532653922436,1.200601550283874,,
2021-04-15,50.0,33.9,55.9,4.2,29.2,0.0,1.0018059961358616,1.145697569575248,,
2021-04-16,51.4,35.7,56.9,5.4,30.4,0.0,1.0016459240689235,1.1702095862922328,,
2021-04-17,52.0,38.0,62.2,4.8,30.3,0.0,1.0019831399795227,0.9968467913329544,,
2021-04-18,57.2,39.1,52.4,4.5,30.2,0.0,1.0012508077866036,1.1121372207727376,,
2021-04-19,55.9,36.7,52.6,5.3,30.1,0.0,1.0020962317362785,1.1143330031466967,,
2021-04-20,56.3,43.5,63.5,8.3,30.0,0.0,1.000425573245952,1.1697036699227683,,
2021-04-21,52.7,41.8,66.9,10.1,30.1,0.0,1.0010340347289879,1.1438595454496552,,
2021-04-22,50.6,33.8,56.7,6.5,30.2,0.0,1.0027303303398982,1.0304831121269251,,
2021-04-23,54.8,34.9,50.1,7.8,30.3,0.0,1.0026597683234686,1.0015534234266286,,
2021-04-24,55.5,37.6,52.6,9.1,30.3,0.0,1.0028761431584905,1.2042696187189903,,
2021-04-25,51.3,38.9,65.0,9.4,30.3,0.0,1.003013712792713,1.401015889974482,,
2021-04-26,51.1,38.7,64.9,5.2,30.1,0.0,1.0025069438958234,1.1724566471375846,,
2021-04-27,53.0,43.3,70.2,9.2,29.7,0.0,1.0016217084600971,1.2822992644603683,,
2021-04-28,49.7,39.1,68.2,13.5,29.7,0.0,1.0023396504084348,1.2533588862124871,,
2021-05-01,48.2,38.6,71.6,6.6,30.0,0.0,1.0041217318713167,1.1150855640530473,,
2021-05-02,48.3,41.7,79.0,6.3,30.0,0.0,1.0034014858831892,1.1139796839220701,,
2021-05-03,49.5,45.4,85.8,13.4,29.6,0.0,1.0024688487111333,1.2218298028530674,,
2021-05-04,48.0,42.2,80.3,21.2,29.4,0.0,1.0021269711040537,1.0008957252539137,,
2021-05-05,47.2,38.2,72.6,9.5,29.7,0.0,1.0035616764269744,1.0846358117330133,,
2021-05-06,46.1,39.5,79.0,10.5,29.6,0.0,1.0025567318410424,1.0011078934608575,,
2021-05-07,49.5,39.5,69.1,9.2,29.9,0.0,1.0019211704411453,1.081542022763124,,
2021-05-08,53.2,49.0,86.4,11.1,29.4,0.0,1.002146955812993,1.1085735025937549,,
2021-05-09,58.3,51.3,78.3,10.7,29.2,0.0,1.002147434331495,1.0545515176686262,35.634370784780174,
2021-05-10,56.9,48.3,74.1,15.2,29.3,0.0,1.0016003138021057,1.1894050683910444,25.253441735844603,
2021-05-11,53.6,46.6,78.0,8.3,29.6,0.0,1.0013135492320546,1.0808104470171822,8.998273890031992,
2021-05-12,54.0,47.0,78.9,5.7,29.6,0.0,1.001306344380928,1.054245229466388,5.6227518394427625,
2021-05-13,54.7,49.4,82.4,7.6,29.7,0.0,1.0020195200630035,1.1076850081667151,8.302680916293989,
2021-05-14,54.5,47.5,78.7,6.9,29.7,0.0,1.0020413295908075,1.0282635994714286,2.7356529860711047,
2021-05-15,54.1,50.7,88.8,7.1,29.4,0.0,1.0020040016511629,1.0282123926659996,4.1568524165518905,
2021-05-16,55.1,49.6,83.3,6.3,29.3,0.0,1.0016454595461934,1.131749647302612,11.854656673075509,
2021-05-17,55.3,47.7,77.5,12.0,29.6,0.0,1.0018764196994383,1.079846435644981,6.4872218438953855,
2021-05-18,56.1,45.3,69.0,7.1,29.8,0.0,1.0014637813614224,1.205853090930538,11.300068124442587,
2021-05-19,55.3,46.0,72.7,10.3,29.9,0.0,1.001407839279137,1.077918220535859,5.967913141721616,
2021-05-20,52.8,49.0,87.2,14.8,29.6,0.0,1.0015659672935473,1.0016054364184306,1.000383983028597,
2021-05-21,54.7,52.5,91.8,16.8,29.1,0.0,1.0014761186911876,1.02672786281969,3.0778565223737546,
2021-05-22,51.6,43.4,74.4,11.0,29.5,0.0,1.001809317402529,1.1014353483640664,7.711445167465018,
2021-05-23,51.5,46.0,82.1,11.0,29.5,0.0,1.0014447524370995,1.0511910700045306,4.744996811739439,
2021-05-24,52.6,45.6,78.0,9.8,29.5,0.0,1.0014802838739625,1.1728566942142962,10.52620686240316,
2021-05-25,55.1,46.9,75.3,18.4,29.8,0.0,1.000819569257498,1.219731675878855,10.063509527597263,
2021-05-26,54.8,48.0,78.8,9.6,29.9,0.0,1.0018092360683428,1.3119931811792944,11.832978357562896,
2021-05-27,58.6,48.5,71.5,5.6,30.0,0.0,1.001795829265011,1.0724889229808714,3.6929034066212116,
2021-05-28,60.8,51.3,72.1,3.5,30.1,0.0,1.0016160831180247,1.1639502046625558,6.956755833719568,
2021-05-29,63.5,56.2,78.4,4.1,30.2,0.0,1.0017898307121855,1.2093518364210287,7.912644393888002,
2021-05-30,64.3,51.2,66.1,6.0,30.2,0.0,1.001604414946391,1.1605197492329198,5.66076251718536,
2021-05-31,61.2,52.2,74.3,8.4,30.1,0.0,1.0011639991010874,1.5534217570717614,13.093450640007422,
2021-06-01,68.9,54.8,62.2,8.2,29.9,0.0,1.0011803893214848,1.4538348112968948,9.468126063576543,
2021-06-02,70.3,56.7,64.1,12.0,29.8,0.0,1.0015739007737046,1.5056202543929609,9.110676383900449,
2021-06-03,64.3,57.6,78.8,8.0,29.9,0.0,1.001984135770485,1.4730543723401803,8.203653854598299,
2021-06-04,61.2,48.4,64.8,5.7,30.1,0.0,1.0014564636598828,1.3772244193569927,6.6955134940332375,
2021-06-05,64.6,52.4,66.3,5.2,30.1,0.0,1.0017118197666304,1.8985833818153772,11.795765383381884,
2021-06-06,65.1,53.4,67.6,6.8,30.2,0.0,1.00154133845901,1.7841154315802776,9.419006850013943,
2021-06-07,64.9,54.7,70.2,5.5,30.1,0.0,1.001226060755965,1.6488479984605804,7.692325856123817,
2021-06-08,64.7,52.8,67.3,6.1,30.1,0.0,1.0010591494167629,1.7980472993829386,8.378256700354845,
2021-06-09,67.7,58.7,73.6,8.2,30.0,0.0,1.0010177863037988,1.8660786284891624,8.237801953884318,
2021-06-10,70.0,62.2,76.4,10.2,30.0,0.0,1.001548102718163,1.7274626676478415,6.935516552204023,
2021-06-11,66.6,58.1,74.2,11.3,29.9,0.0,1.0019430389523147,1.5157045426266813,5.691102980538213,
2021-06-12,63.4,50.9,64.5,10.1,30.2,0.0,1.001817178404617,1.4729596250759136,5.59959804780131,
2021-06-13,73.6,61.5,66.4,5.3,30.2,0.0,1.0017914702042094,1.5051142540368685,6.166383717590443,
2021-06-14,64.2,53.1,67.7,10.3,30.1,0.0,1.001405429441944,1.6520367164628875,6.974526564084164,
2021-06-15,64.2,51.8,63.4,6.1,29.4,0.0,1.001107378721633,1.4150784505639586,5.381803356633659,
2021-06-16,67.3,57.9,72.2,8.2,29.7,0.0,1.0017741487450924,1.4964984735016338,6.095044999236568,
2021-06-17,65.1,53.8,67.4,10.4,29.8,0.0,1.00202198710445,1.29155452543661,4.892006853539071,
2021-06-18,63.1,52.4,68.2,8.0,29.9,0.0,1.0014713604348526,1.0667655677115797,4.097149668647857,
2021-06-19,63.4,53.8,71.0,8.2,29.9,0.0,1.001630410015445,1.1020217423370149,4.399383324680652,
2021-06-20,61.3,52.6,73.2,8.1,29.8,0.0,1.001606034045178,1.2349549937123692,5.0544224116150325,
2021-06-21,60.0,49.7,69.5,9.1,29.9,0.0,1.0015189717468802,1.2799726298793102,5.804040623030412,
2021-06-22,60.6,46.6,61.9,7.0,30.1,0.0,1.0011396617845971,1.3963506234956398,6.01038525736008,
2021-06-23,59.1,54.7,86.2,7.2,30.1,0.0,1.0014646518037689,1.0004764691970471,3.808315245705104,
2021-06-24,64.4,60.8,88.8,9.7,30.1,0.0,1.0021607925103462,1.132020294210283,4.394099518534455,
2021-06-25,58.5,55.0,88.4,10.7,29.9,0.0,1.0021647374117837,0.9510750412669337,3.172179884981293,
2021-06-26,63.8,55.0,73.5,8.1,30.0,0.0,1.0021809791320175,1.0228197606438685,3.705448386277528,
2021-06-27,66.2,58.3,76.7,9.8,30.0,0.0,1.0018426745214415,1.3134001355821676,5.847980008283023,
2021-06-28,66.1,59.3,79.2,6.3,29.9,0.0,1.0016245009705484,1.0094484495499716,3.84192989921396,
2021-06-29,70.5,62.4,77.3,6.8,29.9,0.0,1.001575718122857,1.0290417607807432,3.8950197315498194,
2021-06-30,67.1,61.2,81.5,6.2,29.9,0.0,1.0016995597838134,0.9144254927847696,3.425911790966379,
2021-07-01,66.8,62.2,84.2,7.6,30.0,0.0,1.0024625463243444,0.9444047030151628,3.0153567581137373,
2021-07-02,69.7,62.1,76.7,5.8,29.9,0.0,1.0025697548751955,0.7789046826422227,2.4567653339701696,
2021-07-03,68.5,64.2,86.3,5.5,29.7,0.0,1.002722553523245,0.8316805474554889,2.5681306409169813,
2021-07-04,68.4,63.9,85.4,6.1,29.6,0.0,1.0027555826559065,0.9641427914066109,3.5559330614908475,
2021-07-05,66.6,59.4,79.0,6.8,29.5,0.0,1.0026844383309577,0.8837328796513954,3.3242933185181407,
2021-07-06,66.0,61.1,85.3,11.3,29.3,0.0,1.002221370980685,0.9229085327179186,3.5552118876612884,
2021-07-07,68.7,63.4,83.9,7.8,29.7,0.0,1.002312760721115,0.8023817351754485,2.5992759508772596,
2021-07-08,68.8,61.3,77.8,7.3,30.0,0.0,1.0028340629422334,0.8712413054980674,2.8241183861802712,
2021-07-09,69.5,61.8,76.9,4.4,30.0,0.0,1.0042225047675144,0.7905753273607745,1.6772918154362273,
2021-07-10,69.9,63.8,81.5,4.9,29.9,0.0,1.0044032082280308,0.9417996599869236,3.0861288049852997,
2021-07-11,69.5,63.5,82.0,6.7,29.8,0.0,1.0045439078904972,0.9840109117583679,3.3935756385899247,
2021-07-12,67.1,65.0,93.3,5.0,29.8,0.0,1.0042830384957024,0.9628611308799696,3.0761145518899164,
2021-07-13,70.8,64.5,81.6,9.5,29.9,0.0,1.0036026984894464,1.0365653240823232,3.978584425424265,
2021-07-14,70.1,61.7,74.8,12.3,30.0,0.0,1.0042606952772892,1.0740591160663409,4.033786025260186,
2021-07-15,69.9,62.2,76.3,10.9,30.1,0.0,1.0061880849381992,0.9782304883738652,2.9678952666350966,
2021-07-16,72.3,63.0,74.4,8.2,30.3,0.0,1.0059022597964251,0.9814141374733054,2.190783326508373,
2021-07-17,76.1,65.8,72.6,6.6,30.3,0.0,1.0062498465113523,0.9814942298155782,1.6328883406238808,
2021-07-18,78.0,66.6,70.9,4.8,30.2,0.0,1.0059588496202234,0.9868952141586412,1.9401292631895612,
2021-07-19,77.9,66.0,69.3,4.6,30.1,0.0,1.0058589856958695,0.9748482839584954,1.5360822418399556,
2021-07-20,75.5,62.7,68.6,6.1,30.0,0.0,1.0046123425716746,0.9151377632282433,1.2068178217963534,
2021-07-21,72.5,62.0,72.4,2.3,30.1,0.0,1.0054177998957388,0.9424147539441508,0.6716525972927623,
2021-07-22,74.5,62.7,69.8,4.3,30.1,0.0,1.007910078042812,0.9470821395846312,0.7269842791320625,
2021-07-23,69.0,60.5,75.1,8.8,29.9,0.0,1.0078823408270536,0.9468559426881756,0.6617932492150709,
2021-07-24,64.6,53.9,68.6,9.5,29.8,0.0,1.008193156719558,0.919806037477565,0.21303401214790285,
2021-07-25,64.3,54.5,71.2,7.8,29.7,0.0,1.0084984920622255,0.9488096719696616,0.8354779575959843,
2021-07-26,66.5,58.3,76.1,7.7,29.7,0.0,1.0076495021149865,0.9888814931287699,0.7739826142745204,
2021-07-27,63.7,59.3,86.1,5.5,29.6,0.0,1.0058846580915517,0.9848436760184004,0.6464795873328106,
2021-07-28,60.4,53.6,78.8,12.3,29.6,0.0,1.0067275573486851,0.9860552108705336,0.6250855411804861,
2021-07-29,60.5,53.0,76.0,15.2,29.6,0.0,1.0109681758291922,1.0295111434898137,0.4956714808137866,
2021-07-30,58.2,55.0,89.4,11.2,29.5,0.0,1.011813369953867,1.0277289150716082,0.3393592610726921,
2021-07-31,61.3,55.1,81.7,11.9,29.7,0.0,1.0129534076375537,1.0324083867210747,0.6691180146594999,
2021-08-01,60.1,52.5,76.1,7.2,29.8,0.0,1.0126595587836835,1.0317491234688116,0.7373344797211121,
2021-08-02,59.7,51.5,74.7,6.1,29.9,0.0,1.0124513718226027,1.0375858909357505,1.2801726381988987,
2021-08-03,60.8,51.0,72.3,4.6,29.8,0.0,1.0115654857482983,1.0350938163753416,1.2144422671413424,
2021-08-04,63.1,55.1,77.0,4.2,29.8,0.0,1.0128575477124284,1.0339440657047867,1.0313092460296411,
2021-08-05,61.6,56.4,83.6,10.0,29.5,0.0,1.0200469062460904,1.0363983748886825,0.6971481000299483,
2021-08-06,62.4,56.7,82.7,12.7,29.3,0.0,1.019380133790199,1.0353818326912914,0.7123596377658449,
2021-08-07,59.6,55.8,87.4,11.7,29.2,0.0,1.0198480295199681,1.0196835113222966,0.5725839077048651,
2021-08-08,61.4,56.3,84.1,14.8,29.4,0.0,1.019936568006638,1.0197717934422346,1.3640947830742394,
2021-08-09,62.1,53.9,75.2,8.0,29.7,0.0,1.018059215963694,1.0179005790736944,1.8423697113900528,
2021-08-10,63.4,55.7,77.2,8.3,29.8,0.0,1.016612047285935,1.0164581413610103,1.4751995207203592,
2021-08-11,62.2,57.1,83.4,8.9,29.9,0.0,1.017514103813427,1.0173572880730424,1.8402187440793307,
2021-08-12,62.0,52.4,72.4,10.3,29.9,0.0,1.02430523015265,1.024126381471202,1.6698590254693169,
2021-08-13,63.5,52.5,67.8,14.0,29.9,0.0,1.0254382694350683,1.0252557899398105,1.3376999419750284,
2021-08-14,61.2,55.3,82.2,6.7,30.0,0.0,1.0272708281487588,1.0270824557423894,0.8757223585642974,
2021-08-15,61.9,56.1,82.1,9.6,29.8,0.0,1.0233088360815303,1.0231333628986643,1.8329622078656895,
2021-08-16,59.6,52.5,76.8,18.1,29.9,0.0,1.0221584743650811,1.0219867698160152,1.548027996965461,
2021-08-17,60.3,56.7,89.1,19.4,30.0,0.0,1.0193045986711808,1.0191421736423365,1.9398918836561847,
2021-08-18,60.0,55.9,87.9,15.2,29.9,0.0,1.0209628334907543,1.0207950687662404,1.3725018891964118,
2021-08-19,61.3,57.4,87.5,6.0,29.8,0.0,1.030823183593627,1.0306235572846598,1.1733311184375879,
2021-08-20,64.6,59.6,84.2,5.3,29.9,0.0,1.0325479925307297,1.0323428635424543,1.2732833836156454,
2021-08-21,63.0,60.4,91.3,5.6,29.9,0.0,1.0378064082964145,1.0375843806437663,0.9838365313094544,
2021-08-22,63.0,57.9,84.3,10.4,30.0,0.0,1.042520111474298,1.0422829863985494,1.0728973190443205,
2021-08-23,65.8,57.1,75.5,6.8,30.3,0.0,1.0372273516939379,1.0370074108723897,1.069616100823665,
2021-08-24,63.4,56.0,77.9,5.8,30.4,0.0,1.0249528749889865,1.0247725652335211,1.7356407555017968,
2021-08-25,62.0,55.8,81.3,6.6,30.2,0.0,1.0227823065991206,1.0226090300130986,1.1575275235927889,
2021-08-26,64.2,54.5,73.1,6.6,30.1,0.0,1.02965578211173,1.0294604231967812,1.112783756390003,
2021-08-27,58.2,48.6,71.5,5.9,30.2,0.0,1.0246458030787535,1.0244666166176282,0.5514119763539095,
2021-08-28,59.9,51.4,74.2,7.3,30.3,0.0,1.0215037557372115,1.0213347119116143,1.5312343343217556,
2021-08-29,60.7,52.3,74.8,9.0,30.2,0.0,1.0178683645981417,1.0177110353785983,1.5413667698045908,
2021-08-30,60.4,50.9,70.7,9.2,30.3,0.0,1.0152866417528128,1.0151376289702023,1.8947052279715884,
2021-09-01,58.5,51.4,77.3,8.7,30.4,0.0,1.011977254751549,1.0118388981883013,1.260904730846294,
2021-09-02,60.8,52.3,73.2,9.2,30.3,0.0,1.0166475151987235,1.0164941744647829,1.4259172066122068,
2021-09-03,59.7,52.6,77.0,10.2,30.1,0.0,1.0164403926853014,1.0162877351578143,1.2003877765817084,
2021-09-04,59.9,52.7,77.1,7.1,30.0,0.0,1.0165611121406226,1.0164080853413864,1.0560097341179682,
2021-09-05,63.8,55.8,76.9,5.9,30.0,0.0,1.0155094884121445,1.015359852240875,1.6639984083705757,
2021-09-06,66.2,60.1,81.4,4.7,30.1,0.0,1.0123186544166556,1.0121792644164909,1.7914203897224483,
2021-09-07,69.3,60.8,76.8,4.9,30.0,0.0,1.010357525413285,1.0102244320918703,1.6404082486346616,
2021-09-08,71.5,58.6,66.0,8.4,29.8,0.0,1.0104983131931926,1.0103647755664262,1.4795013133843968,
2021-09-09,66.0,62.7,88.9,4.5,29.6,0.0,1.0160744185317585,1.0159230217999389,1.2397024262956045,
2021-09-10,65.3,62.3,89.4,5.5,29.7,0.0,1.016337155740721,1.0161849343411429,0.9633673143745096,
2021-09-11,63.6,57.9,81.8,11.9,29.9,0.0,1.0173121124991176,1.0171567870491467,1.0727908948377736,
2021-09-12,58.5,55.2,89.3,5.0,30.0,0.0,1.0160996950817154,1.0159482691225945,1.5020320562311202,
2021-09-13,59.2,54.8,85.8,8.7,30.0,0.0,1.0141306648279858,1.0139855554583397,1.2394112830954376,
2021-09-14,60.0,55.1,84.5,7.9,29.8,0.0,1.0107110146300768,1.0105768573706064,0.9154823561735672,
2021-09-15,60.4,54.1,81.4,4.9,29.9,0.0,1.0113341621423666,1.0111980189634973,1.07284233303124,
2021-09-16,62.9,56.6,81.3,5.3,29.9,0.0,1.0164683060247817,1.0163157550260051,0.8642906438508566,
2021-09-17,61.9,54.5,77.5,8.5,29.8,0.0,1.015989835260874,1.0158388305740853,0.7946659253786138,
2021-09-18,64.9,57.2,77.2,4.8,29.8,0.0,1.0165082551246356,1.0163556100992812,0.7660505432375131,
2021-09-19,59.7,54.2,82.0,8.0,29.9,0.0,1.0151052610210147,1.0149571142498042,1.5928205329373328,
2021-09-20,58.4,52.5,81.7,7.5,30.2,0.0,1.0133852563119885,1.0132426161992023,1.3869415223206436,
2021-09-21,60.9,55.1,82.3,7.6,30.3,0.0,1.0112382245738396,1.0111024503653578,1.5080661115737275,
2021-09-22,59.3,54.0,82.9,8.5,30.2,0.0,1.0113955244100234,1.0115357218896917,1.4914519791215446,
2021-09-23,61.1,54.7,79.8,14.6,30.0,0.0,1.0173214885613664,1.0171662488519029,1.3566045639678128,
2021-09-24,63.2,58.1,83.0,10.7,29.9,0.0,1.0167113526166296,1.0165580798900675,1.4918898267295555,
2021-09-25,65.4,61.6,87.2,4.7,29.8,0.0,1.0173037589729603,1.0171486119193824,1.6706844483062602,
2021-09-26,63.6,57.3,80.9,11.0,29.7,0.0,1.0153611038206731,1.0152121752986596,2.071177456985453,
2021-09-27,57.4,40.8,65.3,16.4,29.6,0.0,1.012885601947325,1.0127445870496847,1.8373522075750823,
2021-09-28,44.4,28.6,49.3,12.5,29.8,0.0,1.0113049846683817,1.011169022657443,2.1185453670112206,
2021-09-29,47.9,27.4,45.0,17.2,30.0,0.0,1.0107074100884648,1.010573361899182,1.5386985074166215,
2021-09-30,55.8,52.8,90.5,14.7,29.8,0.0,1.0156643601707371,1.0155145108219608,1.3717360982331368,
2021-10-01,55.6,48.2,76.5,16.6,29.6,0.0,1.0141000311618489,1.013955183315217,1.3397039499403194,
2021-10-02,51.6,48.6,89.7,12.1,29.3,0.0,1.0143188156764864,1.0141732822681488,1.4905454791864643,
2021-10-03,52.7,47.1,81.7,14.7,29.2,0.0,1.0128705115593843,1.0127296050307033,2.690549640899877,
2021-10-04,53.1,49.3,87.8,10.6,29.5,0.0,1.0114067512080478,1.0112705175717192,2.300984108235776,
2021-10-05,54.3,48.8,82.9,18.3,29.4,0.0,1.008970247523583,1.0088417825286449,2.0644377997520413,
2021-10-06,56.3,48.3,75.0,11.5,30.0,0.0,1.0082563867384895,1.0081302000078824,1.991700966643945,
2021-10-07,62.3,58.1,86.4,9.3,30.1,0.0,1.012162509145938,1.0120238879064622,2.1046867768133053,
2021-10-08,60.5,56.4,87.0,6.8,30.3,0.0,1.0170329815673922,1.0168788656335357,1.575821141412456,
2021-10-09,58.8,56.2,92.2,4.2,30.3,0.0,1.0157357838052439,1.0155858121946295,1.3120051640502446,
2021-10-10,56.7,50.6,80.8,9.5,30.3,0.0,1.0149284886214154,1.014781099330907,2.755592118467253,
2021-10-11,55.8,48.7,77.8,10.3,30.3,0.0,1.012987949125167,1.0128467442828628,2.587238232782545,
2021-10-12,57.3,53.4,87.2,11.4,30.2,0.0,1.0102769840604815,1.0101444094884875,2.1836147512035597,
2021-10-13,56.1,53.8,91.3,8.0,30.2,0.0,1.0100735691245395,1.0099416472423004,2.0574160775402643,
2021-10-14,56.4,51.0,82.2,9.8,30.1,0.0,1.0154453478173515,1.0152963565957258,1.4140830442622463,
2021-10-15,50.9,43.3,75.3,7.6,30.0,0.0,1.012311321658976,1.0121723026989364,1.0564882939489246,
2021-10-16,51.6,47.0,84.4,6.8,30.0,0.0,1.0112271380012687,1.0110915721601141,1.3192660200417234,
2021-10-17,57.4,53.9,88.7,11.3,29.8,0.0,1.0099743158954968,1.0098427368781115,1.5563430382857266,
2021-10-18,57.6,55.1,91.6,8.0,29.8,0.0,1.0086739644335272,1.0085465211765496,1.70073421150479,
2021-10-19,61.9,58.5,89.2,11.7,29.6,0.0,1.0065192269541854,1.0063986312386914,1.4525532889248185,
2021-10-20,53.7,49.8,86.2,8.4,29.3,0.0,1.0069474668447032,1.0068255134388775,1.3958569512257806,
2021-10-21,49.1,39.1,69.2,15.6,29.7,0.0,1.012026250850155,1.0118881747299078,0.8687174863933602,
2021-10-22,51.4,45.8,82.5,15.6,30.0,0.0,1.0091493667262723,1.0090204304652042,0.5104418990247233,
2021-10-23,52.4,45.4,78.1,13.0,30.1,0.0,1.009448698202442,1.009318816437226,0.7791021311763083,
2021-10-24,54.4,48.2,80.3,13.7,29.8,0.0,1.0089581174343147,1.008829797296237,0.8950129955162647,
2021-10-25,52.2,47.1,83.7,9.6,29.8,0.0,1.00864298301889,1.0085156671012587,0.8251887514322782,
2021-10-26,56.4,50.5,81.5,13.2,29.8,0.0,1.008799437826172,1.008671629570029,0.8365387390283311,
2021-10-27,61.8,53.4,74.1,19.8,29.7,0.0,1.01098108613181,1.0108463621656725,0.8340514488193189,
2021-10-28,58.5,53.1,82.0,17.5,29.5,0.0,1.0144103190114906,1.014264727656485,0.8283733860071966,
2021-10-29,53.8,49.9,86.5,13.4,29.2,0.0,1.0138339685776387,1.0140520702069218,0.7860122779949317,
2021-10-30,51.2,45.5,81.5,11.8,29.2,0.0,1.0124638216373376,1.012684423743913,0.8215635194021546,
2021-10-31,50.1,46.0,86.0,15.9,29.0,0.0,1.012214557632919,1.0124641636943932,0.9601237578790992,
2021-11-01,48.9,44.5,83.8,19.1,29.1,0.0,1.0111051724321831,1.0109699383234598,0.9736411923062064,
2021-11-02,46.3,42.7,87.0,5.7,29.4,0.0,1.0098362753917205,1.0097050853693534,1.072117058738958,
2021-11-03,46.9,42.1,83.3,7.8,29.6,0.0,1.0122961439561242,1.0121571333643602,0.6702880444600389,
2021-11-04,44.5,35.8,71.3,8.5,30.0,0.0,1.015995427674423,1.0158446600905509,0.7195399405684235,
2021-11-05,45.5,43.3,92.6,6.7,30.2,0.0,1.0133135942092752,1.0131713668944435,0.8576478540606214,
2021-11-06,53.2,47.4,81.8,16.6,30.0,0.0,1.0125464735976022,1.0124066942082501,0.8972914898486437,
2021-11-07,52.1,42.0,69.0,20.4,30.0,0.0,1.0116650900560362,1.0115281202301631,1.5150094455097285,
2021-11-08,51.4,47.2,85.2,7.4,30.0,0.0,1.009736828717526,1.0096059937338266,1.0157984700379823,
2021-11-09,56.3,52.1,85.6,8.3,30.0,0.0,1.0092089310129722,1.009423444719973,1.0515091982962346,
2021-11-10,51.6,49.7,94.4,2.9,30.1,0.0,1.011862480317878,1.0120820104549388,1.1134002133712602,
2021-11-11,51.1,48.9,93.2,7.0,30.0,0.0,1.0163498849694277,1.0165129485398228,0.995839527193414,
2021-11-12,54.0,48.9,83.6,18.8,29.6,0.0,1.0139735030173551,1.0141296275037817,0.9872458748331958,
2021-11-13,53.5,48.5,84.3,11.8,29.9,0.0,1.014331581610015,1.014512815412585,1.0678116866029457,
2021-11-14,46.2,44.3,93.5,3.3,30.2,0.0,1.0136241119601908,1.0139033819552357,1.4793649273647638,
2021-11-15,49.1,47.3,94.2,4.8,30.2,0.0,1.0122770377132844,1.0125524567379571,1.4158175135856688,
2021-11-16,50.5,48.3,93.5,7.3,30.0,0.0,1.0110084705981366,1.0113526044071366,1.665799919729494,
2021-11-17,50.8,44.4,78.2,14.1,30.1,0.0,1.0137313382323991,1.0135874012489154,1.2678432021641473,
2021-11-18,54.8,50.0,84.1,9.4,30.2,0.0,1.0186729309075135,1.018849292483382,1.1350262169950551,
2021-11-19,54.1,49.1,83.7,8.5,30.3,0.0,1.0176596439410577,1.01786331876071,1.239001690055792,
2021-11-20,51.1,44.9,79.4,10.4,30.1,0.0,1.0173241701554596,1.017527312619643,1.2276349006294471,
2021-11-21,43.2,34.6,72.0,9.1,30.1,0.0,1.015982098221154,1.0163306040562738,1.7103326733566364,
2021-11-22,41.5,36.1,81.6,6.0,30.4,0.0,1.0147002179090312,1.0150449811422764,1.6579561550392856,
2021-11-23,46.9,43.6,88.1,6.5,30.4,0.0,1.0125190302646483,1.012378746739212,1.6854052419896766,
2021-11-24,46.5,40.9,80.2,9.0,30.1,0.0,1.0150379283378417,1.0148895256166697,1.508461860683887,
2021-11-25,42.1,34.4,74.6,8.6,30.0,0.0,1.0207666090368608,1.0205997412238228,1.4716203224689666,
2021-11-26,45.4,37.0,73.7,24.1,29.3,0.0,1.018171684231848,1.0180132039968497,1.1910968241617257,
2021-11-27,39.2,25.0,57.4,25.2,29.5,0.0,1.0172776606024312,1.0171220783792605,1.5104759748363807,
2021-11-28,34.0,27.2,77.9,6.1,29.7,0.0,1.0148618989216438,1.0147141164345683,2.0981012593980086,
2021-11-29,35.8,34.1,93.5,7.5,29.8,0.0,1.0131478283311186,1.013005579504897,1.8243836274651168,
2021-11-30,50.6,47.8,91.3,18.8,29.6,0.0,1.0100854601497615,1.0099530856956735,1.8454065567961315,
2021-12-01,44.1,38.7,80.6,17.7,29.4,0.0,1.0105650690286971,1.0104311544581346,1.8143939421435105,
2021-12-02,38.9,29.0,67.9,9.4,29.8,0.0,1.0151205432719126,1.0149719627978204,1.1360014839090922,
2021-12-03,43.6,41.2,90.7,8.2,29.5,0.0,1.0124214630303932,1.012281583889672,0.9073798944516136,
2021-12-04,44.2,38.8,82.3,22.7,29.3,0.0,1.0128554342651537,1.012714165401391,1.179170524230799,64.30696427099642
2021-12-05,42.4,35.5,76.3,14.0,29.7,0.0,1.0115573944597671,1.011420311420516,1.8958216271285429,39.55551346845408
2021-12-06,40.5,36.7,85.9,14.8,29.6,0.0,1.0116956280053548,1.0115581064024448,1.933928701093509,1.003331426222562
2021-12-07,41.9,36.3,80.8,19.0,29.1,0.0,1.0089876030400602,1.0088588016309543,1.7414728279275449,1.0025472116966745
2021-12-08,43.4,39.6,87.5,25.6,28.9,0.0,1.0089013365663626,1.0087728164678094,1.53065743142225,1.0025224630034966
2021-12-09,44.7,40.6,86.3,15.0,29.3,0.0,1.0129454014020431,1.0128038758008575,1.34824124384754,1.0036946999822194
2021-12-10,43.7,37.2,78.9,14.8,29.4,0.0,1.0103412763831423,1.0102081339295002,1.3025567246118237,1.002940410088664
2021-12-11,45.7,43.2,91.2,9.1,29.8,0.0,1.0094166030710776,1.0092864391803038,1.5041299202613712,1.0026727007789336
2021-12-12,53.1,50.4,91.4,9.9,29.8,0.0,1.0087462669780651,1.0086182626230682,1.851060704639209,27.16464167769791
2021-12-13,47.7,45.9,92.9,5.2,30.0,0.0,1.0071916293022691,1.0070686268992728,2.304979963888389,22.436775379491454
2021-12-14,44.2,43.0,95.8,3.8,30.1,0.0,1.0060645826494643,1.0059452060207104,2.7351585090417974,1.0017015509346785
2021-12-15,48.5,44.6,86.1,7.2,30.3,0.0,1.0074189045786457,1.007295175860316,2.6847253095146577,1.002094344281111
2021-12-16,45.0,43.0,93.0,2.6,30.5,0.0,1.0121841993788652,1.0120451571864884,1.9505734660982603,1.0034764017664946
2021-12-17,46.3,42.7,86.8,4.4,30.7,0.0,1.0115197207231337,1.0113828205021245,1.9495132803209945,17.15435573631325
2021-12-18,42.7,41.4,95.5,8.2,30.6,0.0,1.011986183495782,1.0118477906796801,2.1946167765443376,15.284055357795285
2021-12-19,37.6,37.3,98.4,5.7,30.5,0.0,1.011117541836822,1.0109819458444642,3.3236735382195564,1.003168268761509
2021-12-20,40.7,38.0,90.6,6.5,30.3,0.0,1.01011792980209,1.0099855499761357,3.70726704660398,1.0028786126346334
2021-12-21,39.6,33.4,77.7,9.3,30.2,0.0,1.0086211907248168,1.0084936222436764,4.5139494985924955,1.0024446203281172
2021-12-22,37.8,34.2,86.4,10.1,29.9,0.0,1.0097142301386377,1.009583155102164,3.9697106641835376,1.0027620262860677
2021-12-23,44.9,42.9,92.3,7.0,29.6,0.0,1.0141404360951098,1.0139951553356226,3.2792579086156213,1.0040469395220712
2021-12-24,45.2,43.5,93.1,9.1,29.5,0.0,1.0126568068485884,1.012516296980209,1.1349214290110916,1.0036168609257614
2021-12-25,41.3,37.6,86.4,19.0,29.5,0.0,1.0132828812105348,1.0131403693605976,2.4717223004815345,1.0037990985981557
2021-12-26,41.1,39.7,94.9,7.7,29.4,0.0,1.012344532785975,1.012205039499024,4.6720684424626935,1.0035271625513535
2021-12-27,45.3,44.0,94.2,8.9,29.1,0.0,1.0109215626167791,1.0107866410651931,4.437071930613362,1.0031143961509443
2021-12-28,46.5,45.3,95.2,8.8,29.2,0.0,1.0096284327835925,1.0094976644565858,5.128532734974868,1.0027392027881776
2021-12-29,49.5,45.1,85.2,11.0,29.4,0.0,1.010634173112286,1.010500183130859,3.4122814233576118,1.0030315801489016
2021-12-30,55.8,53.2,90.0,13.3,29.6,0.0,1.014978105359859,1.0148301911603854,2.7778275571104007,1.0042937705505934
2021-12-31,56.4,51.2,82.0,16.8,29.8,0.0,1.0133960708908574,1.0132532382104542,1.3031016013499581,67.74898461076536
2022-01-03,49.1,41.5,74.8,15.2,29.5,0.0,1.0106404520399983,1.0105064717356844,3.5348958607028806,23.745380194433174
2022-01-04,40.1,31.9,73.1,13.9,29.5,0.0,1.0090763215422036,1.0089473575714154,2.3036533269668524,15.381523435831467
2022-01-05,40.6,31.9,71.9,12.4,29.8,0.0,1.0110049797334084,1.0108698406201169,1.4636646846117336,11.04202857533734
2022-01-06,38.5,34.2,84.6,14.2,29.8,0.0,1.0161381783618688,1.0159866037549394,0.11317117872329807,15.828320638714633
2022-01-07,39.5,33.4,78.3,16.0,29.6,0.0,1.0164083909832335,1.016255962353754,-0.3036024173678704,17.111048817418773
2022-01-08,43.3,39.5,86.5,16.3,29.4,0.0,1.0157251316208684,1.0155749017231237,-0.3352445341807331,16.85028344474999
2022-01-09,42.0,36.9,82.5,13.6,29.4,0.0,1.0145474969796142,1.0144010467098366,-0.15379251680276318,19.231118033557426
2022-01-10,45.3,42.4,89.3,8.3,29.9,0.0,1.012171591697912,1.0120327535622045,-0.4884979211772118,16.48549652581186
2022-01-11,44.4,42.6,92.5,4.5,30.3,0.0,1.0097335084314665,1.0096024779255022,-0.8026189580911303,13.924527879736038
2022-01-12,39.5,37.0,91.4,3.6,30.6,0.0,1.0110474148034383,1.0109121844299132,-0.9894068487920304,11.521678338810375
2022-01-13,39.8,37.4,91.5,3.5,30.6,0.0,1.0165924012899352,1.0164394392147431,-1.1568361326184184,13.014062677372253
2022-01-14,37.8,35.7,92.4,3.8,30.5,0.0,1.0158253538218691,1.015674856089827,-1.2474238208857285,13.547470734015189
2022-01-15,37.9,35.5,91.4,5.0,30.1,0.0,1.0163679434402941,1.0162157213491705,-0.8700385932611865,17.563978071138735
2022-01-16,43.5,38.8,84.3,8.4,30.2,0.0,1.0156408177598149,1.0154909309693938,-0.8322580150084821,17.24465027079303
2022-01-17,43.4,38.3,83.1,6.3,30.5,0.0,1.0143498372853106,1.0142040864017092,-0.9455987634522159,15.037667200706966
2022-01-18,36.3,34.5,93.7,5.2,30.5,0.0,1.013570706441306,1.0134274536019865,-1.1386261679624194,12.030230148673313
2022-01-19,44.5,39.0,81.8,13.6,30.2,0.0,1.0143938189024222,1.0142479438141634,-1.2014992690854631,10.55255430632748
2022-01-20,39.0,30.7,73.2,7.8,30.5,0.0,1.0257297012290274,1.0255476303921902,-1.1480070895740282,8.650510213834043
2022-01-21,41.1,35.6,82.7,9.0,30.6,0.0,1.0301596310362684,1.0299634463412797,-1.1752719450431397,6.359712793192067
2022-01-22,44.9,39.2,81.7,8.9,30.5,0.0,1.0334673858701555,1.0332606841537717,-0.9235043142626704,7.511625706757312
2022-01-23,41.9,37.6,85.6,7.4,30.4,0.0,1.0311182217077317,1.0309190565116797,-0.6690256669850019,9.167129582693942
2022-01-24,36.5,33.3,88.0,6.9,30.4,0.0,1.0270502828242245,1.0268641252973232,-0.6723657877169813,6.957906018261838
2022-01-25,37.2,33.3,86.0,4.1,30.4,0.0,1.0253108279522003,1.0251302433500868,-0.6080956978646097,5.807845269748957
2022-01-26,43.7,38.2,80.6,9.1,30.3,0.0,1.024910102793778,1.0247308199401053,-0.5611239535141084,4.221936068860539
2022-01-27,48.0,44.3,87.1,14.8,30.2,0.0,1.0378363766415994,1.0376159467883683,-0.4634150796162964,2.3019473118082607
2022-01-28,44.9,41.8,89.1,7.5,30.4,0.0,1.0418437667124372,1.0416106360035462,-0.2824728996065593,2.8526629136704416
2022-01-29,50.3,42.5,74.9,19.4,30.2,0.0,1.043372779876297,1.043134850964765,-0.04997280952795169,4.491113143987642
2022-01-30,44.1,37.1,76.5,13.0,30.3,0.0,1.042162641705897,1.0419286304331246,0.015848553291868406,4.589079354093362
2022-01-31,45.0,37.4,75.3,21.4,30.1,0.0,1.035465430398717,1.0352527704116636,0.0947190085202474,3.124604726927802
2022-02-01,50.8,46.5,86.5,28.8,30.0,0.0,1.0169715716984735,1.0168177304486756,0.2049245022185595,3.228926531649205
2022-02-02,50.1,45.9,85.9,15.8,30.0,0.0,1.0290330116164441,1.0288408542750933,0.3127469858613099,3.0228565336644198
2022-02-03,48.7,42.9,77.8,12.9,29.1,0.0,1.0461668894876426,1.0459203533775483,0.3962368469904861,-0.22594104744471236
2022-02-04,42.3,36.9,81.5,20.1,29.7,0.0,1.0496344115088454,1.0493769475978043,0.5134939741654779,-0.057996815898430525
2022-02-05,45.6,39.9,79.9,20.2,29.8,0.0,1.0663359057117356,1.0660255706570831,0.5985667255826599,-0.04530904381741063
2022-02-06,45.9,39.4,78.1,25.9,29.6,0.0,1.0536387417641824,1.0533687863215435,0.6701195714039628,1.6095236035429334
2022-02-07,46.0,40.5,81.2,10.4,30.1,0.0,1.0415502590729546,1.0413186899578142,0.6962072404258415,0.3786460973215636
2022-02-08,53.1,46.7,80.5,21.4,30.1,0.0,1.0249025599012933,1.0247237720042504,0.7458038212602838,-0.34726812883834723
2022-02-09,47.2,41.1,80.0,12.4,30.1,0.0,1.039174014596133,1.0389500593316965,0.8655454151934117,-0.8458644338928907
2022-02-10,42.6,34.6,73.4,17.6,30.1,0.0,1.0513330298198442,1.0510706511801895,0.905319254140916,-1.9210010379248452
2022-02-11,42.0,35.8,79.1,10.1,30.3,0.0,1.061529146298989,1.0612346134522903,0.950661098974642,-1.8062659359696167
2022-02-12,44.9,39.5,81.0,17.9,29.8,0.0,1.0457454408578253,1.0455009051402184,1.016447077800601,-1.1205738883568417
2022-02-13,47.5,45.0,90.0,14.9,29.3,0.0,1.0353248634561059,1.0351133166147224,1.0164954847570071,-0.052893436067571235
2022-02-14,44.7,40.8,86.5,17.0,29.3,0.0,1.0223940725741656,1.0222234143261837,1.0423165158829115,0.5639132431181824
2022-02-15,44.7,39.0,80.5,13.6,29.5,0.0,1.0161102398035804,1.015959447773564,1.044824789138114,-0.1251204639960808
2022-02-16,52.5,45.5,78.2,27.6,29.1,0.0,1.0160513943523768,1.0159007960238124,1.0418302571527438,-0.8421247799693625
2022-02-17,45.0,37.2,75.1,20.9,29.6,0.0,1.024286042145928,1.0241094463332927,1.05260450283062,-1.609055725064496
2022-02-18,42.8,36.9,80.3,25.6,29.2,0.0,1.0200829451807534,1.0199196369387802,1.0468650558391217,-0.9331899529330347
2022-02-19,39.5,35.0,83.7,15.7,29.6,0.0,1.0176291329143723,1.0174735827861574,1.0451786519759396,0.25713158859105634
2022-02-20,48.5,42.9,82.0,31.0,29.3,0.0,1.0157415644515428,1.0155919813750771,1.0266242309899034,-0.6953873518498528
2022-02-21,45.8,38.5,75.7,29.9,29.6,0.0,1.0128688739015677,1.0127283644614058,1.0218021018783896,-0.6076265191376224
2022-02-22,47.3,41.4,80.5,18.5,29.9,0.0,1.0108036024905274,1.0106696154988202,1.0183356459124109,-0.6976447031767243
2022-02-23,47.5,38.9,72.4,18.6,29.9,0.0,1.015362934234334,1.0152145639224908,1.025982382009594,0.14559253185431054
2022-02-24,41.5,33.3,73.5,20.3,29.6,0.0,1.022291216382008,1.0221209966004223,1.0375995561382498,-0.6953523973750102
2022-02-25,44.7,37.5,76.5,16.6,30.1,0.0,1.019340383311612,1.019179484496604,1.0326460685068592,-0.5351412524178987
2022-02-26,43.6,36.3,76.1,12.8,30.2,0.0,1.017995108869973,1.017838463054574,1.0303864486681582,0.7055370761775938
2022-02-27,43.3,34.7,71.6,12.9,30.0,0.0,1.0156280962172046,1.0154789229351178,1.026414603818138,1.3649211855089596
2022-02-28,45.9,42.9,89.0,10.7,30.0,0.0,1.012505623264939,1.0123663012966255,1.0211773952101666,2.2111007623477708
2022-03-01,42.7,36.2,78.3,9.3,30.3,0.0,1.0107784065867214,1.0106445341286872,1.0182803276578771,3.7794303935976834
2022-03-02,44.8,41.4,88.2,13.0,30.0,0.0,1.015809166525986,1.0156594396336949,1.0267117293590036,2.2438565123771053
2022-03-03,45.1,42.5,90.8,7.7,29.9,0.0,1.0199944919455608,1.0198315822793729,1.033723500770474,3.2920231714061488
2022-03-04,44.2,38.4,81.3,10.5,30.0,0.0,1.0178525631725617,1.0176964134972222,1.0301300808586344,2.8913534733966544
2022-03-05,43.1,32.6,67.6,10.6,30.3,0.0,1.0161466967512185,1.0159959301223396,1.02726849164469,4.918165367402239
2022-03-06,40.9,32.1,71.8,9.3,30.4,0.0,1.0129312710884335,1.0127906406017102,1.0218785188579265,6.650421666887635
2022-03-07,39.1,31.9,76.3,9.9,30.2,0.0,1.0112960237316178,1.0111605486656199,1.019137171861316,6.074061000458075
2022-03-08,43.1,33.3,69.2,15.0,29.8,0.0,1.0088416091964931,1.0087138682493195,1.0150240065414666,7.129792774102068
2022-03-09,49.2,41.3,75.3,15.6,29.8,0.0,1.0120400631974675,1.0119022510290805,1.0203812821310967,7.8719006626920915
2022-03-10,51.0,43.8,75.8,12.5,29.8,0.0,1.0146921056910416,1.0145459463119466,1.0248220469986418,5.035768589996971
2022-03-11,50.2,45.6,84.3,14.1,29.4,0.0,1.012389231481663,1.0122503286070978,1.0209628723159068,6.696998292789861
2022-03-12,49.3,40.9,73.3,15.6,29.5,0.0,1.011274043574631,1.0111386557490891,1.0190936525483874,7.3070477253978225
2022-03-13,48.8,41.8,76.8,16.5,29.5,0.0,1.0095909178231466,1.0094608319665983,1.016273677610436,8.20411885888212
2022-03-14,45.6,37.6,75.6,9.3,30.0,0.0,1.0075656700708395,1.0074419619307802,1.0128812271719525,7.318266572674997
2022-03-15,46.2,38.8,75.3,8.5,30.0,0.0,1.0050376146984497,1.0049218659321522,1.0086471794095029,7.112000353630826
2022-03-16,46.5,41.7,83.2,8.5,30.0,0.0,1.0067315196873312,1.0066104396317592,1.0114834918565705,4.541107248783966
2022-03-17,46.5,40.1,78.8,11.1,30.3,0.0,1.0103028685787243,1.0101705492501445,1.0174630801971127,4.312022428809833
2022-03-18,48.0,42.1,81.8,7.4,30.7,0.0,1.0084218172806168,1.0082954205462205,1.014312554153231,2.983243592443501
2022-03-19,49.5,37.7,66.4,12.9,30.6,0.0,1.007502343069308,1.0073788416952707,1.0127724215967415,3.981680182399444
2022-03-20,44.6,34.0,67.2,10.5,30.3,0.0,1.0052684255675592,1.0051519553655568,1.0090317954921393,5.542223454374113
2022-03-21,43.5,35.4,73.8,6.2,30.2,0.0,1.004216547899858,1.0041033884081283,1.0072704718953118,5.026228552381534
2022-03-22,52.7,42.3,69.7,7.1,30.2,0.0,1.0028857268093834,1.0027767554777305,1.0050422570800166,3.3222150463068902
2022-03-23,52.9,40.8,66.7,5.7,30.3,0.0,1.0034696993703582,1.0033588906677424,1.0060198557349247,1.781727541991275
2022-03-24,52.3,39.0,64.2,3.8,30.3,0.0,1.0053509177595394,1.0052341900711277,1.0091691259513684,0.7161510458206509
2022-03-25,53.1,38.2,60.8,4.2,30.4,0.0,1.0052952749720514,1.0051787230725169,1.0090757105035482,1.6940227615704968
2022-03-26,53.1,40.6,64.3,4.9,30.4,0.0,1.0050479803257304,1.004932207165347,1.008661479010265,1.6033098294714578
2022-03-27,48.0,42.3,80.0,5.7,30.5,0.0,1.0041556908186822,1.0040427255200242,1.00716758544324,4.06807252568746
2022-03-28,53.3,45.4,75.7,5.5,30.1,0.0,1.0024419614270192,1.0023343880424245,1.0042987355809398,2.349260213123709
2022-03-29,49.5,43.6,81.0,5.9,29.8,0.0,1.0025916517309428,1.0024836075506898,1.0045492578062811,1.9822279418146258
2022-03-30,42.0,37.6,84.8,10.3,29.7,0.0,1.0028102679374382,1.002701536152773,1.0049151449673992,-0.7252748791837059
2022-03-31,38.3,28.6,70.7,12.8,29.9,0.0,1.0043119322714265,1.0041984766619412,1.0074286673833737,-1.4745766448957505
2022-04-01,40.3,29.5,67.2,11.9,30.1,0.0,1.003362744776408,1.003252275503112,1.0058397263143757,-1.979766290620795
2022-04-02,41.9,31.8,68.6,5.5,30.1,0.0,1.0028332186365283,1.002724415351138,1.004953302088667,-1.2970703293762589
2022-04-03,42.9,34.6,73.0,9.6,30.2,0.0,1.0014843944382608,1.0013798342787037,1.0026955722294555,-1.221965452330486
2022-04-04,50.4,47.6,91.0,21.3,29.7,0.0,1.0014667671954514,1.0013622625297514,1.002666051220136,-1.3606432285903505
2022-04-05,51.6,45.4,79.8,23.2,29.6,0.0,1.0011249531605315,1.0010215237604705,1.0023517272675635,-1.6052587574283204
2022-04-06,50.5,42.2,73.4,20.5,29.2,0.0,1.002335972365526,1.002228733622064,1.0041208659455654,-1.1667466906491273
2022-04-07,45.2,37.5,75.1,25.6,29.0,0.0,1.0041034134753322,1.0039906154562608,1.007079020018011,-2.5369296246869864
2022-04-08,43.6,33.6,68.9,9.1,29.5,0.0,1.0043317945777832,1.004218278641363,1.0076269233590749,-2.831587465714959
2022-04-09,44.3,33.3,65.5,12.4,29.9,0.0,1.0041570032617233,1.0040440375322082,1.007373666371914,-1.7536756269194451
2022-04-10,45.1,32.9,64.8,7.4,29.9,0.0,1.0035658260132942,1.0034547200113093,1.0061788405769407,-1.1540904175920026
2022-04-11,51.9,35.9,54.7,13.8,29.7,0.0,1.0040094587192017,1.003896957790353,1.0069211703072969,-1.5330558800619711
2022-04-12,51.7,47.5,85.3,8.4,29.6,0.0,1.0036068169336116,1.003495582662998,1.0062472004349108,-1.0501905460392105
2022-04-13,53.9,47.4,80.4,5.8,29.8,0.0,1.0051796553101682,1.005063475108265,1.0088791803368438,-1.6757745735661902
2022-04-14,51.9,46.3,82.5,3.6,30.1,0.0,1.0080438727745102,1.0079186865938932,1.0136718471150727,-1.7780507311191849
2022-04-15,55.6,48.9,79.5,6.3,30.2,0.0,1.008006221076552,1.0078811549109663,1.0136082414728833,-1.9351171668274367
2022-04-16,56.8,50.1,79.9,6.9,30.2,0.0,1.008769189182979,1.0086417258313312,1.0148842334103785,-1.3288566914373263
2022-04-17,57.0,47.4,72.3,9.8,30.0,0.0,1.0084385978513604,1.008312175744393,1.0143304038942076,-0.16659094626924564
2022-04-18,51.4,42.3,71.9,8.1,29.9,0.0,1.008106820691305,1.0079814433405927,1.0137746706587796,-0.08875211190805699
2022-04-19,50.4,40.9,71.2,7.1,30.0,0.0,1.0072861952039858,1.0071633990620008,1.0124011885586917,-0.22937950187641554
2022-04-20,53.0,40.4,63.8,7.7,30.0,0.0,1.009567711128239,1.00943774504691,1.0162174000523083,-0.18802305151044085
2022-04-21,53.9,39.1,58.6,13.7,29.9,0.0,1.012686662216138,1.0125468961411743,1.021433734588003,-0.9578071326847368
2022-04-22,53.3,40.3,63.9,15.7,29.8,0.0,1.0120698631130267,1.0119320393276203,1.0204005817432138,-1.0870858168434654
2022-04-23,53.0,41.6,66.5,20.4,29.7,0.0,1.0117700749801857,1.0116331968143617,1.0198978396303615,-0.4262271233047577
2022-04-24,52.3,40.0,65.0,15.1,29.8,0.0,1.0100083543450935,1.0098770147778229,1.016950263904114,0.3538158554078471
2022-04-25,48.7,38.4,68.6,7.3,30.0,0.0,1.0088193401183874,1.0086917385785072,1.0149609203119243,0.5361440927239869
2022-04-26,50.3,39.6,68.8,7.4,30.1,0.0,1.007696036366155,1.0075719656609499,1.013081743913069,0.2044595659741658
2022-04-27,48.2,35.9,63.7,8.7,30.3,0.0,1.009834333248684,1.0097035468530329,1.0166568544780217,0.20449201684781348
2022-04-28,46.6,36.0,66.7,6.6,30.4,0.0,1.0146539533914083,1.014508031301828,1.024787319686544,0.20858746532295305
2022-05-01,52.1,48.6,88.1,6.2,30.1,0.0,1.009560556075296,1.0094306409271252,1.0161948722415504,1.0256447669396125
2022-05-02,55.1,49.7,82.6,6.3,30.1,0.0,1.007740977201284,1.007616777588911,1.01315233468343,1.2239128061750617
2022-05-03,53.2,47.9,83.4,6.9,30.1,0.0,1.0059113255186127,1.0057928721156206,1.0100933121526403,1.2706823891713597
2022-05-04,53.1,49.8,89.9,10.1,30.0,0.0,1.0070918924280825,1.0069697332229406,1.0120664203338148,0.8804219112830762
2022-05-05,57.0,49.3,76.8,7.4,30.1,0.0,1.0110911593490453,1.0109564460553535,1.0187506267130648,1.0382110252883152
2022-05-06,57.2,52.0,83.0,8.7,30.1,0.0,1.0084396469193189,1.008313259917852,1.014317913534464,0.3859084827510322
2022-05-07,55.9,49.8,81.1,9.3,30.2,0.0,1.0072416740140862,1.0071190491161202,1.0123150984183342,0.8334639863355346
2022-05-08,55.9,49.2,79.2,8.1,30.3,0.0,1.003699044845529,1.0035875412245483,1.006393868020789,1.3292176969675875
2022-05-09,57.6,47.5,70.6,13.0,30.0,0.0,1.0028659300906784,1.0027570418764191,1.0050013690763573,1.281551714934417
2022-05-10,57.6,46.2,66.5,16.7,29.8,0.0,1.0003096506842486,1.0002087867154799,1.0007289721468795,0.92712322425075
2022-05-11,54.4,46.8,77.1,13.0,29.6,0.0,1.0015786087636758,1.001473761544809,1.0028498061038813,0.8764920257021784
2022-05-12,53.6,44.2,71.2,14.6,29.9,0.0,1.0038473097614464,1.0037353414299903,1.0066414099290029,0.5295816404264307
2022-05-13,57.6,47.0,68.9,17.0,29.9,0.0,1.0026240199461032,1.0025158915515413,1.0045968877440263,0.9330827251989692
2022-05-14,59.4,49.1,71.5,6.3,30.0,0.0,1.0015168367516378,1.00141218367698,1.0027464756798024,1.2853391587493488
2022-05-15,60.5,53.1,77.5,8.1,29.9,0.0,1.000451751413043,1.0003504414432112,1.0009664485393155,1.383013415053865
2022-05-16,60.0,55.9,87.0,8.7,29.8,0.0,0.9991749874186951,0.9990776849893896,0.9988326469831684,1.5317578643796608
2022-05-17,61.0,54.1,78.3,12.1,29.9,0.0,0.9990237813165546,0.9989269535316796,0.9985799297791464,1.1314008792800976
2022-05-18,59.2,49.5,71.4,13.2,29.9,0.0,0.9994028890814,0.9993048713457076,0.9992135155470832,0.8819293398441099
2022-05-19,57.6,46.1,67.8,7.3,29.9,0.0,1.000493456141362,1.0003920152486676,1.0010361549071631,0.6326551593572314
2022-05-20,56.2,49.3,78.4,11.2,29.9,0.0,0.9994803351603856,0.9993820743381155,0.9993429467044902,1.1335609149858628
2022-05-21,58.3,47.2,68.0,11.6,30.0,0.0,0.9990418996975771,0.9989450151090964,0.9986101855188804,1.5332380504373917
2022-05-22,59.8,51.5,73.8,13.0,29.8,0.0,0.9987675147637486,0.9986714914978724,0.9981515895155302,1.6299119000857851
2022-05-23,56.0,47.7,74.6,11.8,29.5,0.0,0.998502274253193,0.9984070836362005,0.9977082654361634,1.675834533496919
2022-05-24,56.3,45.1,68.0,16.1,29.6,0.0,0.9980311160483916,0.9979374045114624,0.9969207660718908,0.9841246472398216
2022-05-25,58.0,49.0,73.0,16.4,29.7,0.0,0.9982048236570032,0.9981105669415338,0.9972110542155752,1.1795358871136714
2022-05-26,57.4,50.9,79.6,15.8,30.0,0.0,0.9989101091676196,0.9988136385318755,0.9983898240775704,1.085133101020335
2022-05-27,56.0,42.5,61.1,18.9,30.2,0.0,1.0000306183847598,0.9999306303241088,1.0002626098378136,0.7426955363179524
2022-05-28,56.1,44.9,66.4,12.3,30.2,0.0,0.9986823468729916,0.9986834076603792,0.9980091255691268,1.1839237291185802
2022-05-29,52.1,43.4,72.3,6.5,30.1,0.0,0.9987297831046446,0.9987500101528192,0.998088390060726,1.4299551718648218
2022-05-30,51.1,45.9,83.2,9.3,29.8,0.0,0.9982067704975229,0.9981125104747154,0.9972141907228622,1.4757385344302705
2022-05-31,53.1,46.1,78.5,11.2,29.8,0.0,0.9981657153373564,0.9980715843501764,0.9971455324637444,1.4735170902006705
2022-06-01,55.9,47.7,76.3,10.3,29.9,0.0,0.9988140478176828,0.9987178807669612,0.9982291613682932,1.618772498570537
2022-06-02,58.0,48.4,73.0,6.3,30.0,0.0,0.9989877468429986,0.9988910343147196,0.9985194770051968,1.3773552964716615
2022-06-03,59.0,49.9,74.3,12.6,30.0,0.0,0.9988461640141691,0.9987498961862551,0.998324680019026,1.805185155496156
2022-06-04,56.6,45.7,68.0,13.7,30.1,0.0,0.998428602818218,0.9985652609322816,0.9976533207327328,2.407189573539185
2022-06-05,52.0,48.2,87.5,8.5,30.0,0.0,0.9980783417062202,0.9981773835209796,0.9969993430003891,2.018027513543301
2022-06-06,54.8,49.1,82.0,4.2,29.9,0.0,0.9982879733623244,0.9981934636572964,0.9973497102281772,2.4672559105207537
2022-06-07,60.5,52.8,76.6,5.9,29.7,0.0,0.9978183573894815,0.9977253239367272,0.9965646832119136,2.806282406861484
2022-06-08,60.3,54.2,81.4,10.5,29.5,0.0,0.9981332291284032,0.9980392060490338,0.9970909667407979,1.9354397352920636
2022-06-09,58.5,51.2,77.7,11.3,29.8,0.0,0.9989946609894051,0.9988979301719512,0.998530893551922,2.4587980994463847
2022-06-10,62.3,48.9,63.0,18.4,29.9,0.0,0.9995902521854204,0.9994916492129856,0.9995264667341044,1.874684097705531
2022-06-11,60.8,49.5,67.0,18.4,30.0,0.0,0.9992750329005944,0.9991774208053348,0.9989995438069682,1.560408196156176
2022-06-12,59.4,46.9,64.4,18.3,30.1,0.0,,,,
2022-06-13,57.4,46.8,68.4,12.4,30.1,0.0,,,,
2022-06-14,58.2,44.1,61.5,7.2,30.1,0.0,,,,
2022-06-15,60.0,47.8,65.6,6.2,30.0,0.0,,,,
2022-06-16,64.4,50.8,63.6,4.5,30.1,0.0,,,,
2022-06-17,68.9,53.7,60.0,11.2,29.9,0.0,,,,
2022-06-18,57.6,46.4,66.2,10.0,30.0,0.0,,,,
2022-06-19,58.2,47.9,69.7,12.5,29.9,0.0,,,,
2022-06-20,59.8,46.2,62.9,8.6,30.0,0.0,,,,
2022-06-21,62.7,50.0,66.2,7.1,29.9,0.0,,,,
2022-06-22,65.2,53.6,68.5,9.0,29.9,0.0,,,,
2022-06-23,66.9,55.5,69.5,5.2,29.7,0.0,,,,
2022-06-24,64.3,56.3,76.3,8.9,29.5,0.0,,,,
2022-06-25,59.7,47.6,65.4,17.0,29.5,0.0,,,,
2022-06-26,59.9,47.5,65.3,19.7,29.6,0.0,,,,
2022-06-27,58.5,47.2,68.2,13.8,29.8,0.0,,,,
2022-06-28,59.1,50.8,74.0,15.9,29.8,0.0,,,,
2022-06-29,60.0,55.1,84.7,8.3,29.7,0.0,,,,
2022-06-30,59.3,52.3,79.1,6.3,29.7,0.0,,,,
