Date,Temperature (°F),Humidity (%),Wind Speed (mph),Pressure (inHg),R0orig,R0alp,R0dlt,R0omi,UV Total Index,Total_Arrival,National_Arrival,male,female,PopulationDensity
2020-03-01,44.1,64.4,16.5,29.1,,,,,0.8,257300.0,145600.0,0.1607374392220421,0.1910603576610699,1066.0
2020-03-02,42.1,75.6,8.9,29.1,,,,,0.6524,228200.0,122500.0,0.1607374392220421,0.1910603576610699,1066.0
2020-03-03,41.3,75.8,9.3,29.5,145.5334772368854,,,,0.5238,181900.0,93000.0,0.1607374392220421,0.1910603576610699,1066.0
2020-03-04,40.6,85.7,5.8,29.7,1.0000000297059557,,,,0.4905,167900.0,83200.0,0.1607374392220421,0.1910603576610699,1066.0
2020-03-05,42.5,87.6,9.5,29.3,1.0000000297059557,,,,0.1952,205000.0,98400.0,0.1607374392220421,0.1910603576610699,1066.0
2020-03-06,42.2,71.2,5.6,29.6,1.0000000297059557,,,,0.7714,235300.0,102700.0,0.1607374392220421,0.1910603576610699,1066.0
2020-03-07,45.8,79.8,11.5,29.9,1.0000000297059557,,,,0.6,225100.0,125100.0,0.1607374392220421,0.1910603576610699,1066.0
2020-03-08,49.9,75.3,16.2,29.6,1.0000000297059557,,,,0.5619,246600.0,150100.0,0.1607374392220421,0.1910603576610699,1066.0
2020-03-09,45.7,77.5,13.8,29.8,1.0000000297059557,,,,0.5905,217000.0,126300.0,0.1607374392220421,0.1910603576610699,1066.0
2020-03-10,55.0,82.8,18.5,29.6,8.501807854266822,,,,0.8714,187900.0,98500.0,0.1607374392220421,0.1910603576610699,1066.0
2020-03-11,51.8,75.9,14.9,29.7,1.000000044558934,,,,,175700.0,88600.0,0.1607374392220421,0.1910603576610699,1066.0
2020-03-12,45.6,62.9,19.8,29.7,7.276817578811157,,,,0.9824,184200.0,96700.0,0.1607374392220421,0.1910603576610699,1066.0
2020-03-13,47.3,65.3,13.3,29.9,3.322303254058072,,,,0.9273,195200.0,104200.0,0.1607374392220421,0.1910603576610699,1066.0
2020-03-14,49.2,79.3,11.3,29.8,4.222531549370271,,,,0.8773,192200.0,125800.0,0.1607374392220421,0.1910603576610699,1066.0
2020-03-15,49.1,80.0,12.9,29.7,4.3882002286232735,,,,0.2826,201000.0,141400.0,0.1607374392220421,0.1910603576610699,1066.0
2020-03-16,45.7,71.0,7.2,30.1,1.0000001633827769,,,,1.2087,159400.0,112700.0,0.1607374392220421,0.1910603576610699,1066.0
2020-03-17,48.3,78.9,11.6,30.2,5.605729869936123,,,,0.9,109500.0,77300.0,0.1607374392220421,0.1910603576610699,1066.0
2020-03-18,53.1,80.2,11.2,30.2,4.232330791029704,,,,0.5522,87000.0,62100.0,0.1607374392220421,0.1910603576610699,1066.0
2020-03-19,45.0,90.3,7.3,30.2,2.9378421536201973,,,,0.2818,80900.0,58500.0,0.1607374392220421,0.1910603576610699,1066.0
2020-03-20,44.9,70.2,12.1,30.3,2.4150389159301016,,,,1.0955,64200.0,46900.0,0.1607374392220421,0.1910603576610699,1066.0
2020-03-21,43.6,63.0,13.4,30.2,5.280561129708219,,,,1.2652,51500.0,37000.0,0.1607374392220421,0.1910603576610699,1066.0
2020-03-22,44.3,63.1,11.3,30.2,7.477602083489861,,,,1.1,36400.0,23600.0,0.1607374392220421,0.1910603576610699,1066.0
2020-03-23,43.9,54.6,8.8,30.2,8.776276625752732,,,,1.4542,28000.0,17600.0,0.1607374392220421,0.1910603576610699,1066.0
2020-03-24,46.4,52.7,6.2,30.2,12.270816506398804,,,,1.5667,22600.0,14200.0,0.1607374392220421,0.1910603576610699,1066.0
2020-03-25,44.8,49.9,4.9,30.2,11.909649077425932,,,,1.6913,14800.0,8900.0,0.1607374392220421,0.1910603576610699,1066.0
2020-03-26,44.3,55.6,8.2,30.1,15.561164037775544,,,,1.575,14600.0,8600.0,0.1607374392220421,0.1910603576610699,1066.0
2020-03-27,45.2,61.6,8.2,30.1,17.778817660543957,,,,1.45,13100.0,7800.0,0.1607374392220421,0.1910603576610699,1066.0
2020-03-28,44.9,65.1,11.1,30.3,26.36638300290664,,,,1.0542,11400.0,7000.0,0.1607374392220421,0.1910603576610699,1066.0
2020-03-29,41.1,55.3,12.1,30.5,71.83618882751175,,,,0.9958,10000.0,5800.0,0.1607374392220421,0.1910603576610699,1066.0
2020-03-30,42.1,70.5,7.8,30.5,119.33039115174329,,,,0.6625,5700.0,2900.0,0.1607374392220421,0.1910603576610699,1066.0
2020-03-31,42.7,68.6,8.0,30.4,140.42207015870736,,,,1.1667,5500.0,2700.0,0.1607374392220421,0.1910603576610699,1066.0
2020-04-01,41.4,65.6,4.0,30.1,392.9606860130005,,,,0.9458,4400.0,2200.0,0.1607374392220421,0.1910603576610699,1066.0
2020-04-02,48.3,67.5,9.4,29.9,528.8460604181913,,,,1.028,4700.0,2300.0,0.1607374392220421,0.1910603576610699,1066.0
2020-04-03,49.1,65.1,5.2,30.0,4.264231348035597,,,,1.484,5400.0,2600.0,0.1607374392220421,0.1910603576610699,1066.0
2020-04-04,48.7,64.4,6.7,30.0,3.33830009869528,,,,1.932,5500.0,2700.0,0.1607374392220421,0.1910603576610699,1066.0
2020-04-05,57.0,49.2,11.0,29.8,5.088795407655987,,,,2.116,5300.0,2500.0,0.1607374392220421,0.1910603576610699,1066.0
2020-04-06,55.6,63.5,8.5,29.9,3.420246451990838,,,,1.5923,3300.0,1900.0,0.1607374392220421,0.1910603576610699,1066.0
2020-04-07,54.4,59.0,4.3,30.3,5.334829939287997,,,,1.8038,4200.0,2500.0,0.1607374392220421,0.1910603576610699,1066.0
2020-04-08,58.6,61.8,5.1,30.2,4.785919700007982,,,,1.6423,4300.0,2200.0,0.1607374392220421,0.1910603576610699,1066.0
2020-04-09,59.1,61.2,7.8,30.2,2.362290319894484,,,,1.9577,4500.0,2800.0,0.1607374392220421,0.1910603576610699,1066.0
2020-04-10,59.1,61.1,8.0,30.2,1.1387491659061206,,,,2.1192,3600.0,1800.0,0.1607374392220421,0.1910603576610699,1066.0
2020-04-11,61.5,56.3,4.7,30.1,2.2533972890138703,,,,1.8577,3700.0,2500.0,0.1607374392220421,0.1910603576610699,1066.0
2020-04-12,62.4,53.0,5.4,29.9,2.208377195817258,,,,1.8115,3300.0,1700.0,0.1607374392220421,0.1910603576610699,1066.0
2020-04-13,48.4,57.8,13.3,30.2,0.40595757139394,,,,1.6654,3000.0,1800.0,0.1607374392220421,0.1910603576610699,1066.0
2020-04-14,46.1,53.5,6.4,30.3,1.4171107207770923,,,,2.2654,1900.0,1000.0,0.1607374392220421,0.1910603576610699,1066.0
2020-04-15,50.4,56.3,5.7,30.1,1.7445251582100538,,,,2.2077,2700.0,1300.0,0.1607374392220421,0.1910603576610699,1066.0
2020-04-16,54.2,62.0,5.3,29.9,1.6146886011557862,,,,1.5115,2800.0,1600.0,0.1607374392220421,0.1910603576610699,1066.0
2020-04-17,51.3,71.0,10.9,29.3,1.2135912448124977,,,,0.6692,3100.0,1700.0,0.1607374392220421,0.1910603576610699,1066.0
2020-04-18,49.6,79.8,5.8,30.0,1.2157026033113496,,,,1.0038,3200.0,1900.0,0.1607374392220421,0.1910603576610699,1066.0
2020-04-19,53.1,62.6,8.1,30.0,1.149424793181174,,,,2.2038,2300.0,1100.0,0.1607374392220421,0.1910603576610699,1066.0
2020-04-20,53.6,54.1,12.4,29.9,1.4032579433535584,,,,2.1071,3100.0,1900.0,0.1607374392220421,0.1910603576610699,1066.0
2020-04-21,56.0,49.9,11.6,29.9,0.9866989450296813,,,,2.1536,3300.0,2300.0,0.1607374392220421,0.1910603576610699,1066.0
2020-04-22,57.4,51.7,8.3,30.0,0.976370141863676,,,,2.1964,3900.0,2200.0,0.1607374392220421,0.1910603576610699,1066.0
2020-04-23,58.7,54.9,5.5,30.0,1.1291696592440033,,,,2.2536,2900.0,1800.0,0.1607374392220421,0.1910603576610699,1066.0
2020-04-24,58.5,52.9,4.9,29.9,1.09284751160355,,,,2.2107,4500.0,2800.0,0.1607374392220421,0.1910603576610699,1066.0
2020-04-25,51.6,67.3,7.4,29.9,1.010285394029091,,,,2.2536,3500.0,2300.0,0.1607374392220421,0.1910603576610699,1066.0
2020-04-26,55.0,58.1,4.6,29.8,1.2003646824208196,,,,2.2929,3900.0,2400.0,0.1607374392220421,0.1910603576610699,1066.0
2020-04-27,54.9,65.4,5.7,29.7,1.2744808206824785,,,,1.2964,3300.0,2100.0,0.1607374392220421,0.1910603576610699,1066.0
2020-04-28,47.0,87.2,8.5,29.6,1.1902109338510258,,,,0.3464,4300.0,2800.0,0.1607374392220421,0.1910603576610699,1066.0
2020-05-01,50.9,72.3,12.5,29.4,1.1147278910895648,,,,1.5964,4900.0,2600.0,0.1607374392220421,0.1910603576610699,1066.0
2020-05-02,53.2,60.9,8.3,29.8,0.9756257889243029,,,,2.1143,3800.0,1900.0,0.1607374392220421,0.1910603576610699,1066.0
2020-05-03,53.3,69.1,4.7,29.9,1.0790961988511365,,,,1.1393,4700.0,1800.0,0.1607374392220421,0.1910603576610699,1066.0
2020-05-04,55.0,65.6,8.8,30.0,0.9928399644153224,,,,2.2179,2700.0,900.0,0.1607374392220421,0.1910603576610699,1066.0
2020-05-05,51.4,58.7,13.6,30.1,1.0186659404858516,,,,2.4464,3100.0,1800.0,0.1607374392220421,0.1910603576610699,1066.0
2020-05-06,53.0,59.2,7.9,30.2,0.931118266983596,,,,2.5786,4400.0,1900.0,0.1607374392220421,0.1910603576610699,1066.0
2020-05-07,58.8,58.9,6.1,30.1,0.9540911700146908,,,,2.4759,4500.0,2100.0,0.1607374392220421,0.1910603576610699,1066.0
2020-05-08,63.6,50.1,3.7,30.0,0.9797190677544984,,,,2.3207,4600.0,1600.0,0.1607374392220421,0.1910603576610699,1066.0
2020-05-09,64.2,49.0,6.3,29.8,0.9729061372191132,,,,2.4241,3700.0,1500.0,0.1607374392220421,0.1910603576610699,1066.0
2020-05-10,54.2,63.3,10.9,29.8,1.0291409242152616,,,,1.3033,3900.0,1400.0,0.1607374392220421,0.1910603576610699,1066.0
2020-05-11,47.1,49.3,13.0,30.0,0.9912369855269576,,,,1.7483,3500.0,1300.0,0.1607374392220421,0.1910603576610699,1066.0
2020-05-12,48.8,53.5,3.9,30.1,1.0660981148754205,,,,2.1033,3300.0,1300.0,0.1607374392220421,0.1910603576610699,1066.0
2020-05-13,49.0,53.8,8.7,29.9,1.0402225082481693,,,,2.0828,4400.0,1900.0,0.1607374392220421,0.1910603576610699,1066.0
2020-05-14,47.6,56.5,7.8,30.1,0.9665028502514688,,,,2.58,4400.0,1700.0,0.1607374392220421,0.1910603576610699,1066.0
2020-05-15,52.7,55.4,4.2,30.1,0.9971076616244556,,,,2.32,5100.0,1800.0,0.1607374392220421,0.1910603576610699,1066.0
2020-05-16,55.3,52.7,5.4,30.2,1.0032408705620155,,,,1.89,3300.0,900.0,0.1607374392220421,0.1910603576610699,1066.0
2020-05-17,57.6,56.1,8.3,30.1,1.013434573159607,,,,2.3967,4300.0,1500.0,0.1607374392220421,0.1910603576610699,1066.0
2020-05-18,62.0,52.2,11.1,30.1,1.0175064068451436,,,,2.8833,4500.0,1200.0,0.1607374392220421,0.1910603576610699,1066.0
2020-05-19,65.2,59.2,8.0,30.1,1.0143121043184058,,,,3.0467,3400.0,1300.0,0.1607374392220421,0.1910603576610699,1066.0
2020-05-20,68.1,51.1,6.9,30.1,1.0176763340914712,,,,2.9533,6800.0,2400.0,0.1607374392220421,0.1910603576610699,1066.0
2020-05-21,68.1,48.2,5.6,30.0,1.010191143849056,,,,2.7933,4400.0,1700.0,0.1607374392220421,0.1910603576610699,1066.0
2020-05-22,65.1,50.8,15.9,29.9,1.027264531370771,,,,2.4067,5000.0,1400.0,0.1607374392220421,0.1910603576610699,1066.0
2020-05-23,58.2,56.5,18.8,30.1,1.0331251266617694,,,,2.2133,4500.0,1400.0,0.1607374392220421,0.1910603576610699,1066.0
2020-05-24,61.6,58.8,11.2,30.3,1.04295932685815,,,,2.2067,5400.0,1500.0,0.1607374392220421,0.1910603576610699,1066.0
2020-05-25,64.8,53.0,5.6,30.4,1.0141208787553972,,,,2.9367,4100.0,1200.0,0.1607374392220421,0.1910603576610699,1066.0
2020-05-26,67.2,52.9,5.0,30.5,1.0388396167933158,,,,2.94,4000.0,1500.0,0.1607374392220421,0.1910603576610699,1066.0
2020-05-27,67.6,51.9,5.0,30.5,1.030889061827506,,,,2.5633,5100.0,1800.0,0.1607374392220421,0.1910603576610699,1066.0
2020-05-28,61.9,50.9,9.8,30.4,1.0278615938235671,,,,3.0867,5500.0,1800.0,0.1607374392220421,0.1910603576610699,1066.0
2020-05-29,63.3,44.3,8.8,30.3,1.0401002507172656,,,,3.1467,6400.0,1900.0,0.1607374392220421,0.1910603576610699,1066.0
2020-05-30,63.9,49.1,9.7,30.1,1.0121184683729436,,,,2.9267,5300.0,1700.0,0.1607374392220421,0.1910603576610699,1066.0
2020-05-31,65.3,45.1,10.9,30.1,1.0462872853940055,,,,2.9467,6300.0,1900.0,0.1607374392220421,0.1910603576610699,1066.0
2020-06-01,66.1,50.2,7.6,30.1,1.0278396024763885,,,,2.9233,6000.0,1700.0,0.1607374392220421,0.1910603576610699,1066.0
2020-06-02,66.2,47.0,5.2,30.0,1.0111468693161272,,,,2.7871,5400.0,1900.0,0.1607374392220421,0.1910603576610699,1066.0
2020-06-03,60.2,63.7,6.2,29.7,1.0019907569469773,,,,0.7968,6800.0,2100.0,0.1607374392220421,0.1910603576610699,1066.0
2020-06-04,55.1,67.5,8.8,29.5,1.017447852774867,,,,1.2742,7700.0,2700.0,0.1607374392220421,0.1910603576610699,1066.0
2020-06-05,55.5,58.3,11.9,29.4,1.0031741228657642,,,,1.7517,10200.0,3200.0,0.1607374392220421,0.1910603576610699,1066.0
2020-06-06,52.4,77.9,15.4,29.4,1.0211758892164495,,,,1.0531,8700.0,2500.0,0.1607374392220421,0.1910603576610699,1066.0
2020-06-07,54.5,78.4,6.8,29.7,1.0219639422591944,,,,1.7813,10700.0,3200.0,0.1607374392220421,0.1910603576610699,1066.0
2020-06-08,56.2,64.5,6.6,30.0,1.0061137472105328,,,,1.6065,4800.0,1700.0,0.1607374392220421,0.1910603576610699,1066.0
2020-06-09,58.9,56.8,5.4,30.0,1.0046375641809042,,,,2.3115,3300.0,1300.0,0.1607374392220421,0.1910603576610699,1066.0
2020-06-10,55.6,83.4,7.7,29.9,1.0131636853259007,,,,1.0238,4000.0,1400.0,0.1607374392220421,0.1910603576610699,1066.0
2020-06-11,58.2,80.2,9.4,29.8,1.0309423345673554,,,,1.1344,4100.0,1700.0,0.1607374392220421,0.1910603576610699,1066.0
2020-06-12,61.7,80.9,10.3,29.6,1.0406758252959798,,,,1.25,4700.0,1700.0,0.1607374392220421,0.1910603576610699,1066.0
2020-06-13,64.6,68.8,9.5,29.7,1.0090071220859531,,,,2.2875,4100.0,1600.0,0.1607374392220421,0.1910603576610699,1066.0
2020-06-14,64.7,69.2,7.5,29.9,1.039212141376322,,,,1.7438,5900.0,1900.0,0.1607374392220421,0.1910603576610699,1066.0
2020-06-15,63.0,73.8,4.9,29.9,1.003444423414087,,,,2.0844,5000.0,1600.0,0.1607374392220421,0.1910603576610699,1066.0
2020-06-16,64.5,70.1,5.6,29.9,1.0181840539924931,,,,2.0469,4500.0,1300.0,0.1607374392220421,0.1910603576610699,1066.0
2020-06-17,63.6,74.8,3.8,29.8,1.0305614272989712,,,,1.7844,5600.0,1800.0,0.1607374392220421,0.1910603576610699,1066.0
2020-06-18,60.1,87.5,7.4,29.8,1.0013117846859605,,,,0.7969,5800.0,2100.0,0.1607374392220421,0.1910603576610699,1066.0
2020-06-19,60.4,80.3,11.5,29.9,1.004267013797829,,,,1.3813,7000.0,2300.0,0.1607374392220421,0.1910603576610699,1066.0
2020-06-20,62.6,72.5,9.6,30.0,1.0524738265837237,,,,2.1813,5900.0,1800.0,0.1607374392220421,0.1910603576610699,1066.0
2020-06-21,63.1,70.0,12.3,29.9,1.0056752761311396,,,,2.1219,8200.0,2500.0,0.1607374392220421,0.1910603576610699,1066.0
2020-06-22,63.0,60.9,9.2,30.2,1.0214989535240957,,,,3.2406,6800.0,2100.0,0.1607374392220421,0.1910603576610699,1066.0
2020-06-23,69.8,57.1,6.7,30.1,1.0035137736303827,,,,3.025,6200.0,1900.0,0.1607374392220421,0.1910603576610699,1066.0
2020-06-24,75.8,50.4,9.0,30.0,1.0001700159065483,,,,2.8219,6600.0,2300.0,0.1607374392220421,0.1910603576610699,1066.0
2020-06-25,78.2,46.9,8.5,29.9,1.000730514521713,,,,2.9875,7100.0,2700.0,0.1607374392220421,0.1910603576610699,1066.0
2020-06-26,74.1,58.1,9.1,29.7,1.0016646927070227,,,,2.975,7200.0,2700.0,0.1607374392220421,0.1910603576610699,1066.0
2020-06-27,62.9,79.2,14.9,29.6,1.0015324388541889,,,,1.5969,7200.0,2700.0,0.1607374392220421,0.1910603576610699,1066.0
2020-06-28,60.8,66.0,17.0,29.7,1.0182963379896348,,,,2.2625,9600.0,3500.0,0.1607374392220421,0.1910603576610699,1066.0
2020-06-29,59.8,61.3,17.6,29.7,1.0024549154310198,,,,1.7938,7700.0,2700.0,0.1607374392220421,0.1910603576610699,1066.0
2020-06-30,60.9,75.3,11.3,29.6,1.0019504224693756,,,,1.3313,8000.0,2800.0,0.1607374392220421,0.1910603576610699,1066.0
2020-07-01,63.2,75.0,12.1,29.6,1.0004378573887136,,,,1.5194,17400.0,6200.0,0.1607374392220421,0.1910603576610699,1066.0
2020-07-02,61.3,76.4,11.0,29.8,1.0167166722790832,,,,1.9548,14900.0,5900.0,0.1607374392220421,0.1910603576610699,1066.0
2020-07-03,61.4,73.4,15.2,29.9,1.0031999441402757,,,,2.2452,16800.0,6900.0,0.1607374392220421,0.1910603576610699,1066.0
2020-07-04,64.1,84.5,15.7,29.8,1.0021283922825168,,,,0.9677,16200.0,5900.0,0.1607374392220421,0.1910603576610699,1066.0
2020-07-05,64.4,61.6,21.4,29.8,1.017327532971516,,,,0.2333,19100.0,7300.0,0.1607374392220421,0.1910603576610699,1066.0
2020-07-06,60.4,59.5,11.0,30.0,1.032494009776033,,,,2.113,16500.0,6500.0,0.1607374392220421,0.1910603576610699,1066.0
2020-07-07,60.1,67.3,7.7,30.0,1.0018039669721404,,,,1.6742,15000.0,5600.0,0.1607374392220421,0.1910603576610699,1066.0
2020-07-08,62.0,93.2,8.2,29.9,1.000446578587853,,,,1.2387,16400.0,7200.0,0.1607374392220421,0.1910603576610699,1066.0
2020-07-09,63.3,89.4,11.2,29.8,0.9995963058545032,,,,1.0516,18300.0,8300.0,0.1607374392220421,0.1910603576610699,1066.0
2020-07-10,59.6,68.2,8.1,30.0,1.0166901389075735,,,,1.8645,31900.0,13600.0,0.1607374392220421,0.1910603576610699,1066.0
2020-07-11,60.1,58.1,6.0,30.2,1.0029322677418149,,,,2.5161,39300.0,15900.0,0.1607374392220421,0.1910603576610699,1066.0
2020-07-12,64.0,54.5,4.9,30.3,1.0025742257773804,,,,2.8323,48000.0,20000.0,0.1607374392220421,0.1910603576610699,1066.0
2020-07-13,65.9,56.1,8.5,30.1,1.017768657139196,,,,2.471,38400.0,16400.0,0.1607374392220421,0.1910603576610699,1066.0
2020-07-14,64.2,72.5,6.0,29.9,1.0025941545571675,,,,1.6129,31600.0,13300.0,0.1607374392220421,0.1910603576610699,1066.0
2020-07-15,61.4,71.3,6.9,29.9,1.0177333651086036,,,,1.2839,35600.0,15300.0,0.1607374392220421,0.1910603576610699,1066.0
2020-07-16,66.7,68.1,7.2,30.0,1.0166636531328737,,,,2.26,34400.0,15900.0,0.1607374392220421,0.1910603576610699,1066.0
2020-07-17,71.0,60.8,7.5,30.0,1.002954049456778,,,,2.8571,39900.0,18300.0,0.1607374392220421,0.1910603576610699,1066.0
2020-07-18,67.0,63.8,9.1,30.0,1.0030030650895498,,,,2.7067,43600.0,20300.0,0.1607374392220421,0.1910603576610699,1066.0
2020-07-19,63.3,70.4,6.0,30.0,1.0184030723774948,,,,1.9,54800.0,25300.0,0.1607374392220421,0.1910603576610699,1066.0
2020-07-20,62.4,54.4,5.5,30.1,1.003085900221459,,,,2.9633,46200.0,21400.0,0.1607374392220421,0.1910603576610699,1066.0
2020-07-21,62.9,52.2,4.8,30.2,1.002776147751977,,,,2.9967,37900.0,18100.0,0.1607374392220421,0.1910603576610699,1066.0
2020-07-22,67.6,52.5,7.8,30.1,1.0321301444952975,,,,2.7367,42900.0,21800.0,0.1607374392220421,0.1910603576610699,1066.0
2020-07-23,66.8,58.9,10.7,29.9,1.0012895001507311,,,,2.3667,44800.0,23400.0,0.1607374392220421,0.1910603576610699,1066.0
2020-07-24,67.9,69.1,10.1,29.8,1.0023567445983967,,,,1.8867,58100.0,31800.0,0.1607374392220421,0.1910603576610699,1066.0
2020-07-25,64.8,84.0,11.7,29.7,1.0170523963647156,,,,1.1567,65400.0,38000.0,0.1607374392220421,0.1910603576610699,1066.0
2020-07-26,62.5,78.2,10.5,29.8,1.0015254787750028,,,,1.7733,78700.0,43300.0,0.1607374392220421,0.1910603576610699,1066.0
2020-07-27,63.6,85.3,12.8,29.7,1.0013653905613555,,,,1.1267,63700.0,35100.0,0.1607374392220421,0.1910603576610699,1066.0
2020-07-28,61.3,62.4,11.4,29.9,1.002068081191723,,,,1.8267,54800.0,30400.0,0.1607374392220421,0.1910603576610699,1066.0
2020-07-29,62.8,59.4,7.1,30.0,1.001270116182217,,,,2.7,60400.0,34000.0,0.1607374392220421,0.1910603576610699,1066.0
2020-07-30,70.9,47.6,6.3,30.0,1.0006967747468969,,,,3.2586,75600.0,42800.0,0.1607374392220421,0.1910603576610699,1066.0
2020-07-31,78.4,46.5,10.6,29.8,1.0023325886681296,,,,2.6483,83900.0,47000.0,0.1607374392220421,0.1910603576610699,1066.0
2020-08-01,69.6,62.1,12.4,29.9,1.0323669018504071,,,,2.469,99100.0,61400.0,0.1607374392220421,0.1910603576610699,1066.0
2020-08-02,64.9,60.3,11.2,29.9,1.0178799003748122,,,,2.7,107000.0,57900.0,0.1607374392220421,0.1910603576610699,1066.0
2020-08-03,64.7,53.8,6.3,29.9,1.0626976665087504,,,,2.3724,86600.0,47000.0,0.1607374392220421,0.1910603576610699,1066.0
2020-08-04,63.8,59.4,8.8,29.9,1.0323853288882574,,,,2.4793,70300.0,38300.0,0.1607374392220421,0.1910603576610699,1066.0
2020-08-05,68.5,62.0,13.2,29.8,1.0161418539770095,,,,2.4724,72200.0,39300.0,0.1607374392220421,0.1910603576610699,1066.0
2020-08-06,73.3,66.4,8.0,29.9,1.0172099399077952,,,,1.8241,73600.0,40600.0,0.1607374392220421,0.1910603576610699,1066.0
2020-08-07,78.5,48.3,4.4,30.0,1.0174644400347992,,,,2.5643,89100.0,49600.0,0.1607374392220421,0.1910603576610699,1066.0
2020-08-08,77.5,57.1,6.2,30.0,1.0020197491863176,,,,1.8607,102900.0,63800.0,0.1607374392220421,0.1910603576610699,1066.0
2020-08-09,75.7,60.6,8.2,30.0,1.033105647409278,,,,2.4,115300.0,64800.0,0.1607374392220421,0.1910603576610699,1066.0
2020-08-10,79.7,55.4,7.5,29.9,1.0175058012800309,,,,2.3964,95500.0,54900.0,0.1607374392220421,0.1910603576610699,1066.0
2020-08-11,82.7,50.4,4.1,29.9,1.0322044831123534,,,,1.1444,82400.0,49100.0,0.1607374392220421,0.1910603576610699,1066.0
2020-08-12,80.4,56.6,5.3,29.8,1.0317046508208654,,,,2.7667,86800.0,50500.0,0.1607374392220421,0.1910603576610699,1066.0
2020-08-13,72.7,76.0,6.0,29.8,1.0013504332561405,,,,1.7929,87700.0,49700.0,0.1607374392220421,0.1910603576610699,1066.0
2020-08-14,65.0,88.9,5.3,29.9,1.0178517423291422,,,,0.7464,108700.0,63400.0,0.1607374392220421,0.1910603576610699,1066.0
2020-08-15,64.7,94.0,4.1,29.9,1.017776429504262,,,,0.6,107400.0,65500.0,0.1607374392220421,0.1910603576610699,1066.0
2020-08-16,68.9,80.8,4.5,29.8,1.033131252619941,,,,1.375,117900.0,64900.0,0.1607374392220421,0.1910603576610699,1066.0
2020-08-17,65.6,80.8,6.8,29.7,1.002853894107158,,,,1.5857,106400.0,59500.0,0.1607374392220421,0.1910603576610699,1066.0
2020-08-18,67.5,76.0,10.4,29.7,1.0322660435736244,,,,1.5643,96500.0,56300.0,0.1607374392220421,0.1910603576610699,1066.0
2020-08-19,64.9,94.4,8.2,29.5,1.0468567916993574,,,,0.6107,96200.0,55100.0,0.1607374392220421,0.1910603576610699,1066.0
2020-08-20,68.8,65.8,11.6,29.5,1.0315043674755984,,,,2.6259,96900.0,53600.0,0.1607374392220421,0.1910603576610699,1066.0
2020-08-21,68.2,68.1,20.6,29.5,1.003448205511657,,,,1.7037,110900.0,63000.0,0.1607374392220421,0.1910603576610699,1066.0
2020-08-22,66.1,66.8,16.6,29.8,1.002828708884332,,,,2.1074,112800.0,68200.0,0.1607374392220421,0.1910603576610699,1066.0
2020-08-23,64.0,70.8,14.2,29.9,1.0182358284913688,,,,1.7577,121800.0,66500.0,0.1607374392220421,0.1910603576610699,1066.0
2020-08-24,62.6,79.9,8.8,29.9,1.0331010579261577,,,,1.6269,107300.0,59200.0,0.1607374392220421,0.1910603576610699,1066.0
2020-08-25,64.3,83.5,18.7,29.5,1.062951922648116,,,,1.2346,91700.0,51500.0,0.1607374392220421,0.1910603576610699,1066.0
2020-08-26,64.3,66.1,16.0,29.8,1.031700104533691,,,,1.6462,91900.0,52300.0,0.1607374392220421,0.1910603576610699,1066.0
2020-08-27,59.2,85.0,7.2,29.8,1.0610697826565547,,,,0.772,97700.0,54200.0,0.1607374392220421,0.1910603576610699,1066.0
2020-08-28,58.0,86.8,7.5,29.5,1.0913572772802178,,,,1.3,117200.0,66100.0,0.1607374392220421,0.1910603576610699,1066.0
2020-08-29,55.7,80.6,10.0,29.7,1.257944638611412,,,,1.1462,115400.0,71000.0,0.1607374392220421,0.1910603576610699,1066.0
2020-08-30,57.1,69.4,7.8,29.9,1.0747613737916266,,,,1.6231,122800.0,67400.0,0.1607374392220421,0.1910603576610699,1066.0
2020-09-01,56.8,66.6,3.0,30.1,1.098399478143963,,,,1.6308,93300.0,50200.0,0.1607374392220421,0.1910603576610699,1066.0
2020-09-02,58.2,78.3,6.6,30.0,1.109990293608723,,,,1.3692,92600.0,48800.0,0.1607374392220421,0.1910603576610699,1066.0
2020-09-03,65.3,84.9,13.3,29.9,1.1347836748919808,,,,0.9731,93200.0,47500.0,0.1607374392220421,0.1910603576610699,1066.0
2020-09-04,60.3,76.3,10.0,30.1,1.0959609834976658,,,,1.2808,112700.0,57100.0,0.1607374392220421,0.1910603576610699,1066.0
2020-09-05,57.4,73.4,8.5,30.1,1.0304638127750056,,,,1.5769,108900.0,61900.0,0.1607374392220421,0.1910603576610699,1066.0
2020-09-06,58.4,75.2,5.7,30.1,1.0567840062307792,,,,,117300.0,60100.0,0.1607374392220421,0.1910603576610699,1066.0
2020-09-07,60.1,80.2,8.8,30.1,1.069420977982588,,,,1.8833,97800.0,49400.0,0.1607374392220421,0.1910603576610699,1066.0
2020-09-08,67.2,82.0,9.2,30.2,1.0428131721927925,,,,1.82,81500.0,43400.0,0.1607374392220421,0.1910603576610699,1066.0
2020-09-09,63.7,77.9,7.5,30.1,1.0905657190269316,,,,1.2292,82100.0,42800.0,0.1607374392220421,0.1910603576610699,1066.0
2020-09-10,58.7,62.5,3.4,30.1,1.101943092741504,,,,1.8375,88900.0,46200.0,0.1607374392220421,0.1910603576610699,1066.0
2020-09-11,57.8,70.5,7.6,29.9,1.0546846814050532,,,,1.4583,115400.0,61600.0,0.1607374392220421,0.1910603576610699,1066.0
2020-09-12,62.4,67.5,10.5,30.0,1.0034257969010607,,,,2.0083,103200.0,59700.0,0.1607374392220421,0.1910603576610699,1066.0
2020-09-13,64.7,75.4,8.4,30.1,1.1533183250295564,,,,1.9917,112700.0,58500.0,0.1607374392220421,0.1910603576610699,1066.0
2020-09-14,67.6,67.8,4.5,30.1,1.0525292513308515,,,,1.6792,94500.0,49800.0,0.1607374392220421,0.1910603576610699,1066.0
2020-09-15,71.3,69.3,4.9,30.0,1.0790757341783517,,,,1.6167,76300.0,41300.0,0.1607374392220421,0.1910603576610699,1066.0
2020-09-16,70.2,66.7,7.2,30.1,1.172808999450874,,,,1.6208,79200.0,42800.0,0.1607374392220421,0.1910603576610699,1066.0
2020-09-17,62.0,63.7,10.5,30.3,1.0386424407177264,,,,1.7917,81900.0,42400.0,0.1607374392220421,0.1910603576610699,1066.0
2020-09-18,60.8,65.7,10.3,30.1,1.0411194261326413,,,,1.7217,100100.0,51000.0,0.1607374392220421,0.1910603576610699,1066.0
2020-09-19,64.8,62.4,10.3,29.9,1.0282500891509023,,,,1.6667,101100.0,58800.0,0.1607374392220421,0.1910603576610699,1066.0
2020-09-20,65.5,66.9,7.9,30.0,1.0889615871019815,,,,1.7,108600.0,56200.0,0.1607374392220421,0.1910603576610699,1066.0
2020-09-21,64.1,72.8,3.7,29.9,1.0651487451664416,,,,1.6435,90200.0,48000.0,0.1607374392220421,0.1910603576610699,1066.0
2020-09-22,64.3,72.8,8.2,29.7,1.0163045055450195,,,,1.5304,69600.0,36700.0,0.1607374392220421,0.1910603576610699,1066.0
2020-09-23,60.1,89.4,11.0,29.4,1.038892034158743,,,,0.5652,69300.0,37900.0,0.1607374392220421,0.1910603576610699,1066.0
2020-09-24,51.4,83.6,9.2,29.3,1.0502642734391934,,,,0.9,76000.0,39000.0,0.1607374392220421,0.1910603576610699,1066.0
2020-09-25,51.4,69.4,12.7,29.5,1.0168212175052025,,,,1.113,94200.0,47300.0,0.1607374392220421,0.1910603576610699,1066.0
2020-09-26,50.7,66.8,11.0,29.8,1.0873583331016097,,,,1.1391,97700.0,57400.0,0.1607374392220421,0.1910603576610699,1066.0
2020-09-27,54.2,66.8,10.0,29.8,1.0755057097303142,,,,1.3261,98200.0,50900.0,0.1607374392220421,0.1910603576610699,1066.0
2020-09-28,55.7,75.2,7.2,29.8,1.0291400208961343,,,,1.3091,83200.0,45400.0,0.1607374392220421,0.1910603576610699,1066.0
2020-09-29,60.4,82.1,6.0,29.9,1.1340370795943977,,,,1.1409,65000.0,34800.0,0.1607374392220421,0.1910603576610699,1066.0
2020-09-30,56.9,88.9,9.7,29.7,1.2318311298353637,,,,0.4636,72900.0,39400.0,0.1607374392220421,0.1910603576610699,1066.0
2020-10-01,54.1,79.7,8.0,29.4,1.1164815471024243,,,,0.9318,62100.0,30100.0,0.1607374392220421,0.1910603576610699,1066.0
2020-10-02,54.0,92.0,12.6,29.1,1.116483551328848,,,,0.2364,86000.0,42100.0,0.1607374392220421,0.1910603576610699,1066.0
2020-10-03,56.3,89.8,8.9,29.0,1.0967004427508251,,,,0.53,84500.0,49800.0,0.1607374392220421,0.1910603576610699,1066.0
2020-10-04,49.7,92.5,14.0,28.9,1.2177408003338854,,,,0.3667,85000.0,43600.0,0.1607374392220421,0.1910603576610699,1066.0
2020-10-05,55.0,81.9,12.5,29.3,1.0978284973928654,,,,0.9667,66000.0,35600.0,0.1607374392220421,0.1910603576610699,1066.0
2020-10-06,55.6,80.5,13.8,29.4,1.107855409456042,,,,0.8048,50500.0,26500.0,0.1607374392220421,0.1910603576610699,1066.0
2020-10-07,54.5,74.8,11.3,29.8,1.126665803100787,,,,1.1667,48400.0,27700.0,0.1607374392220421,0.1910603576610699,1066.0
2020-10-08,58.4,82.7,11.2,29.8,1.2801500273908464,,,,0.8333,54100.0,28100.0,0.1607374392220421,0.1910603576610699,1066.0
2020-10-09,49.4,84.2,7.5,30.0,1.1384387261081397,,,,0.6905,66400.0,33800.0,0.1607374392220421,0.1910603576610699,1066.0
2020-10-10,49.1,80.0,11.0,30.1,1.103819910811562,,,,0.6476,71200.0,41300.0,0.1607374392220421,0.1910603576610699,1066.0
2020-10-11,51.1,75.1,5.4,30.2,1.2144217159965696,,,,0.9905,73500.0,37300.0,0.1607374392220421,0.1910603576610699,1066.0
2020-10-12,49.3,88.5,5.7,30.0,1.2123475337929044,,,,0.4619,56900.0,28700.0,0.1607374392220421,0.1910603576610699,1066.0
2020-10-13,49.1,86.5,6.2,29.8,1.1890107944633523,,,,0.1,42500.0,23100.0,0.1607374392220421,0.1910603576610699,1066.0
2020-10-14,51.0,81.9,7.3,30.0,1.1437230936881275,,,,,43300.0,24400.0,0.1607374392220421,0.1910603576610699,1066.0
2020-10-15,49.1,82.9,7.3,30.1,1.1212024288736224,,,,,43200.0,19900.0,0.1607374392220421,0.1910603576610699,1066.0
2020-10-16,50.0,77.4,4.7,30.2,1.0947512316956862,,,,0.7533,62900.0,31300.0,0.1607374392220421,0.1910603576610699,1066.0
2020-10-17,50.8,79.7,4.5,30.1,1.095130660529707,,,,0.5526,67300.0,37800.0,0.1607374392220421,0.1910603576610699,1066.0
2020-10-18,49.5,84.1,2.9,30.1,1.1277397137222545,,,,0.4895,65100.0,31000.0,0.1607374392220421,0.1910603576610699,1066.0
2020-10-19,53.0,72.8,9.6,29.9,1.2703367580362357,,,,0.8105,46600.0,22300.0,0.1607374392220421,0.1910603576610699,1066.0
2020-10-20,58.8,81.5,11.3,29.5,1.275447461359973,,,,0.6421,35900.0,18800.0,0.1607374392220421,0.1910603576610699,1066.0
2020-10-21,57.9,93.0,8.4,29.3,1.215319629756629,,,,0.2632,37600.0,21600.0,0.1607374392220421,0.1910603576610699,1066.0
2020-10-22,55.8,81.4,9.3,29.7,1.19748415700163,,,,0.5263,38300.0,18600.0,0.1607374392220421,0.1910603576610699,1066.0
2020-10-23,54.0,85.8,9.4,29.7,1.1133041865303317,,,,0.4632,52700.0,27300.0,0.1607374392220421,0.1910603576610699,1066.0
2020-10-24,53.9,86.8,13.6,29.5,1.087613123020924,,,,0.1684,61700.0,37600.0,0.1607374392220421,0.1910603576610699,1066.0
2020-10-25,49.3,86.7,9.5,29.3,1.1532469897934334,,,,0.5737,62800.0,29500.0,0.1607374392220421,0.1910603576610699,1066.0
2020-10-26,48.8,82.6,9.7,29.4,1.2380786666163464,,,,0.5526,41000.0,19200.0,0.1607374392220421,0.1910603576610699,1066.0
2020-10-27,49.4,88.4,10.7,29.4,1.2085052770881806,,,,0.3526,31300.0,15700.0,0.1607374392220421,0.1910603576610699,1066.0
2020-10-28,49.5,79.9,12.3,29.5,1.1594743685370217,,,,0.4842,34500.0,18500.0,0.1607374392220421,0.1910603576610699,1066.0
2020-10-29,53.2,85.5,13.0,29.8,1.151138578840646,,,,0.2105,38000.0,18200.0,0.1607374392220421,0.1910603576610699,1066.0
2020-10-30,59.3,85.6,14.5,29.9,1.2440713248801611,,,,0.3,59400.0,30300.0,0.1607374392220421,0.1910603576610699,1066.0
2020-10-31,55.6,82.5,14.5,29.8,1.0195067558598083,,,,0.1765,72400.0,46600.0,0.1607374392220421,0.1910603576610699,1066.0
2020-11-01,58.6,83.1,16.5,29.5,1.186995217850237,,,,0.2353,71700.0,37100.0,0.1607374392220421,0.1910603576610699,1066.0
2020-11-02,57.1,73.0,20.9,29.6,1.1614042764849115,,,,0.5647,40400.0,18700.0,0.1607374392220421,0.1910603576610699,1066.0
2020-11-03,46.3,77.5,10.8,30.0,1.1239472772675905,,,,0.4941,30900.0,12900.0,0.1607374392220421,0.1910603576610699,1066.0
2020-11-04,42.9,82.1,3.1,30.4,1.0169486313688665,,,,0.5471,31400.0,13300.0,0.1607374392220421,0.1910603576610699,1066.0
2020-11-05,40.7,92.7,1.8,30.6,1.1501550425409095,,,,0.5294,24600.0,11100.0,0.1607374392220421,0.1910603576610699,1066.0
2020-11-06,43.4,83.6,5.8,30.3,1.048510662282613,,,,0.5059,34600.0,15900.0,0.1607374392220421,0.1910603576610699,1066.0
2020-11-07,48.5,87.0,4.5,30.0,1.0566980440704894,,,,0.5118,38100.0,22400.0,0.1607374392220421,0.1910603576610699,1066.0
2020-11-08,50.0,94.0,4.4,30.0,1.1692335445795243,,,,0.2412,38400.0,19700.0,0.1607374392220421,0.1910603576610699,1066.0
2020-11-09,55.2,94.9,4.6,30.0,1.1617240158605575,,,,0.2588,21700.0,11000.0,0.1607374392220421,0.1910603576610699,1066.0
2020-11-10,53.5,92.9,4.5,30.1,1.3339968537835547,,,,0.4929,16300.0,8300.0,0.1607374392220421,0.1910603576610699,1066.0
2020-11-11,52.0,90.3,10.1,29.9,1.2710149037209684,,,,0.3059,13700.0,6300.0,0.1607374392220421,0.1910603576610699,1066.0
2020-11-12,51.5,79.8,11.5,29.8,1.2785494764352523,,,,0.1,15500.0,7100.0,0.1607374392220421,0.1910603576610699,1066.0
2020-11-13,51.3,82.8,8.8,29.8,1.1402423434336075,,,,0.3,22500.0,9800.0,0.1607374392220421,0.1910603576610699,1066.0
2020-11-14,54.2,89.7,12.1,29.6,1.0588749496696837,,,,0.1,19800.0,9600.0,0.1607374392220421,0.1910603576610699,1066.0
2020-11-15,51.5,82.7,13.7,29.3,1.2830149923886862,,,,0.3176,24300.0,10200.0,0.1607374392220421,0.1910603576610699,1066.0
2020-11-16,51.4,79.4,13.9,29.8,1.247341906592491,,,,0.36,18200.0,8200.0,0.1607374392220421,0.1910603576610699,1066.0
2020-11-17,55.0,85.4,13.1,30.0,1.2801815812886497,,,,0.2533,14000.0,6300.0,0.1607374392220421,0.1910603576610699,1066.0
2020-11-18,53.6,81.2,13.2,29.9,1.167781250782573,,,,0.3333,10400.0,4300.0,0.1607374392220421,0.1910603576610699,1066.0
2020-11-19,46.1,77.0,11.9,30.2,1.1435674308277584,,,,0.28,13400.0,6000.0,0.1607374392220421,0.1910603576610699,1066.0
2020-11-20,43.1,90.8,7.2,30.4,1.0318441432968817,,,,0.2133,19400.0,8200.0,0.1607374392220421,0.1910603576610699,1066.0
2020-11-21,52.1,79.0,14.1,30.2,1.1792309102534624,,,,0.2667,17100.0,7200.0,0.1607374392220421,0.1910603576610699,1066.0
2020-11-22,48.6,86.2,6.0,30.2,1.3138402997878431,19.34869108610369,,,0.3533,19700.0,7700.0,0.1607374392220421,0.1910603576610699,1066.0
2020-11-23,43.4,91.3,4.4,30.2,1.1341728241754552,8.230218851390827,,,0.3,15100.0,6000.0,0.1607374392220421,0.1910603576610699,1066.0
2020-11-24,50.6,84.1,8.8,29.9,1.1996326969658009,1.0207844874637202,,,0.34,10100.0,4200.0,0.1607374392220421,0.1910603576610699,1066.0
2020-11-25,49.6,88.0,6.5,29.8,1.1501110158833776,6.956179458167991,,,0.12,11100.0,4400.0,0.1607374392220421,0.1910603576610699,1066.0
2020-11-26,43.3,85.6,2.3,30.1,1.1648449995605192,1.0125395803482955,,,0.2933,14500.0,6200.0,0.1607374392220421,0.1910603576610699,1066.0
2020-11-27,37.6,91.8,3.0,30.0,1.156339273799214,1.0245116345512246,,,0.2467,22100.0,9600.0,0.1607374392220421,0.1910603576610699,1066.0
2020-11-28,47.3,91.6,6.1,30.0,1.1672921842449235,1.0209060219704384,,,0.1733,21100.0,9100.0,0.1607374392220421,0.1910603576610699,1066.0
2020-11-29,46.0,91.3,4.2,30.2,1.153156141697119,1.0195212591682572,,,0.12,23300.0,8800.0,0.1607374392220421,0.1910603576610699,1066.0
2020-11-30,44.5,91.0,9.1,30.1,1.0261021935415533,4.353598335079197,,,0.1467,17000.0,6700.0,0.1607374392220421,0.1910603576610699,1066.0
2020-12-01,41.0,78.1,5.7,30.2,1.2765009174272557,6.170958719610247,,,0.3067,13900.0,5700.0,0.1607374392220421,0.1910603576610699,1066.0
2020-12-02,40.6,87.3,5.0,30.0,1.270788859008607,1.0098310016803091,,,0.1667,14300.0,5700.0,0.1607374392220421,0.1910603576610699,1066.0
2020-12-03,40.7,93.5,6.2,29.1,1.2124483680233575,11.325082198738707,,,0.0643,21100.0,9000.0,0.1607374392220421,0.1910603576610699,1066.0
2020-12-04,39.2,85.7,10.6,28.8,1.2512954818985849,7.359480387955611,,,0.1429,28800.0,12100.0,0.1607374392220421,0.1910603576610699,1066.0
2020-12-05,41.0,79.8,8.8,29.2,1.1727347383972564,1.0175508138852902,,,0.2286,29200.0,12800.0,0.1607374392220421,0.1910603576610699,1066.0
2020-12-06,36.5,91.8,4.0,29.5,1.5361900375421451,1.0156290699404018,,,0.2714,33300.0,13500.0,0.1607374392220421,0.1910603576610699,1066.0
2020-12-07,34.1,97.4,2.4,29.4,1.42213504447781,12.482275220429,,,0.1571,24700.0,10100.0,0.1607374392220421,0.1910603576610699,1066.0
2020-12-08,35.1,94.8,3.4,29.5,1.6800581787943305,6.488918297008497,,,0.1,17900.0,7400.0,0.1607374392220421,0.1910603576610699,1066.0
2020-12-09,41.4,86.6,7.7,29.6,1.579861060844954,1.0088730032525364,,,,19100.0,8200.0,0.1607374392220421,0.1910603576610699,1066.0
2020-12-10,44.8,85.7,9.5,29.4,1.4076712521504229,8.408814497425046,,,,27100.0,12300.0,0.1607374392220421,0.1910603576610699,1066.0
2020-12-11,47.8,93.0,5.6,29.1,1.6212716409820431,3.246193540224441,,,,39800.0,19400.0,0.1607374392220421,0.1910603576610699,1066.0
2020-12-12,45.2,85.6,8.6,29.4,1.5934417759292794,2.098113176494526,,,,34600.0,16600.0,0.1607374392220421,0.1910603576610699,1066.0
2020-12-13,44.5,92.7,9.1,29.5,1.918280061418537,3.96378034310705,,,,37600.0,16100.0,0.1607374392220421,0.1910603576610699,1066.0
2020-12-14,51.0,85.8,11.6,29.4,1.9053245062838584,11.183570245355952,,,,26700.0,12200.0,0.1607374392220421,0.1910603576610699,1066.0
2020-12-15,47.4,88.2,7.8,29.6,2.0399842301696416,10.324456908863054,,,,24900.0,11400.0,0.1607374392220421,0.1910603576610699,1066.0
2020-12-16,47.7,87.6,10.1,29.6,2.026789291181728,8.122708644879802,,,,25100.0,11700.0,0.1607374392220421,0.1910603576610699,1066.0
2020-12-17,47.8,87.8,9.1,29.8,1.9520604611098424,5.357660240175457,,,,40400.0,18000.0,0.1607374392220421,0.1910603576610699,1066.0
2020-12-18,52.3,89.5,15.8,29.8,1.965746832717468,1.4599851445159355,,,,57600.0,24900.0,0.1607374392220421,0.1910603576610699,1066.0
2020-12-19,50.1,83.8,13.0,29.6,2.097588524938677,4.524302231973869,,,,57600.0,25100.0,0.1607374392220421,0.1910603576610699,1066.0
2020-12-20,45.7,84.0,10.1,29.8,2.3621225382740025,5.334687189708142,,,,51600.0,19500.0,0.1607374392220421,0.1910603576610699,1066.0
2020-12-21,51.3,92.9,11.4,29.6,2.1220740131825373,4.411078816087868,,,,32700.0,14800.0,0.1607374392220421,0.1910603576610699,1066.0
2020-12-22,52.6,88.7,7.5,29.7,2.2494776400063943,2.792993105675803,,,,22600.0,12000.0,0.1607374392220421,0.1910603576610699,1066.0
2020-12-23,51.4,92.5,6.9,29.6,1.701574830447235,3.4119201266405765,,,,22600.0,12300.0,0.1607374392220421,0.1910603576610699,1066.0
2020-12-24,40.6,78.0,10.0,30.0,1.0983626587822368,2.612332653459137,,,,16800.0,8700.0,0.1607374392220421,0.1910603576610699,1066.0
2020-12-25,35.5,75.2,6.4,30.4,1.6395938959839969,5.016741369491229,,,,6600.0,3200.0,0.1607374392220421,0.1910603576610699,1066.0
2020-12-26,43.4,85.2,13.4,29.9,1.5326434190138656,5.469200879851697,,,,24100.0,11700.0,0.1607374392220421,0.1910603576610699,1066.0
2020-12-27,43.0,83.0,15.0,28.8,1.2411998421824375,4.84054418317821,,,,36500.0,15400.0,0.1607374392220421,0.1910603576610699,1066.0
2020-12-28,34.5,92.3,4.9,28.7,1.948630129326168,7.823940434552751,,,,32600.0,14200.0,0.1607374392220421,0.1910603576610699,1066.0
2020-12-29,36.6,85.9,5.4,29.1,1.424435105681096,5.784428103231388,,,,25100.0,10900.0,0.1607374392220421,0.1910603576610699,1066.0
2020-12-30,35.1,87.8,5.8,29.5,0.9439769764303104,4.181234512245507,,,,30500.0,11700.0,0.1607374392220421,0.1910603576610699,1066.0
2020-12-31,31.6,90.9,4.1,29.6,0.6052810453309889,3.0407620569199243,,,,19600.0,9900.0,0.1607374392220421,0.1910603576610699,1066.0
2021-01-01,34.4,94.0,4.7,29.8,0.8505418677359479,4.472937121711011,,,0.1071,21600.0,9600.0,0.1607374392220421,0.1910603576610699,1066.0
2021-01-02,37.8,85.1,4.2,29.9,0.8683281826032045,4.714819180762212,,,0.2692,45000.0,17300.0,0.1607374392220421,0.1910603576610699,1066.0
2021-01-03,38.1,86.8,5.9,29.9,0.920534748857374,5.058033112131786,,,,56500.0,16200.0,0.1607374392220421,0.1910603576610699,1066.0
2021-01-04,38.6,82.0,9.9,30.0,0.6592699052011592,3.9343846111238494,,,0.1444,39500.0,12300.0,0.1607374392220421,0.1910603576610699,1066.0
2021-01-05,37.6,83.5,8.4,30.0,0.5796328227674851,3.629715468387073,,,0.2357,30100.0,9800.0,0.1607374392220421,0.1910603576610699,1066.0
2021-01-06,37.7,85.5,6.5,30.0,0.3714177577773907,2.531256617994035,,,0.25,26600.0,8300.0,0.1607374392220421,0.1910603576610699,1066.0
2021-01-07,31.9,92.3,6.3,30.0,0.3176696098148065,2.295394628667676,,,0.2357,24400.0,7900.0,0.1607374392220421,0.1910603576610699,1066.0
2021-01-08,32.5,91.3,3.7,30.0,0.3200934535490862,2.55431318329452,,,0.1286,33200.0,8800.0,0.1607374392220421,0.1910603576610699,1066.0
2021-01-09,32.3,95.0,3.9,30.2,0.2456412079062609,2.111948932885428,,,0.35,34900.0,11300.0,0.1607374392220421,0.1910603576610699,1066.0
2021-01-10,33.0,94.3,7.0,30.2,0.2970142725114756,2.775577491225735,,,0.2357,40400.0,10000.0,0.1607374392220421,0.1910603576610699,1066.0
2021-01-11,43.6,84.2,13.9,30.0,0.2052062982212673,1.9750307253206936,,,0.2,19500.0,6400.0,0.1607374392220421,0.1910603576610699,1066.0
2021-01-12,44.2,87.4,8.6,29.9,0.267240743539328,1.7253596819782464,,,0.2267,12500.0,4200.0,0.1607374392220421,0.1910603576610699,1066.0
2021-01-13,42.9,94.7,6.7,30.0,0.2932032355056405,1.5964915578889072,,,0.1867,13600.0,4500.0,0.1607374392220421,0.1910603576610699,1066.0
2021-01-14,42.7,94.8,6.8,29.9,0.3027130549527526,1.3297260313878154,,,0.1,13200.0,4600.0,0.1607374392220421,0.1910603576610699,1066.0
2021-01-15,34.2,91.1,3.5,30.3,0.2956996229898375,0.5393541039991079,,,0.2692,19100.0,5200.0,0.1607374392220421,0.1910603576610699,1066.0
2021-01-16,41.8,89.3,9.2,30.0,0.3755198437559539,0.5019510371899019,,,0.2067,17500.0,5900.0,0.1607374392220421,0.1910603576610699,1066.0
2021-01-17,41.3,79.6,8.3,30.1,0.4694268057809637,0.9589242777508414,,,0.3533,21700.0,5900.0,0.1607374392220421,0.1910603576610699,1066.0
2021-01-18,41.1,88.4,7.9,30.1,0.5528023565459622,1.3885975815257376,,,0.2867,12700.0,3500.0,0.1607374392220421,0.1910603576610699,1066.0
2021-01-19,50.7,87.6,17.4,29.6,0.5641102204886987,0.8256741042887088,,,0.2,8900.0,3400.0,0.1607374392220421,0.1910603576610699,1066.0
2021-01-20,49.6,89.9,19.2,29.1,0.6725374059563036,0.7543788160200912,,,0.0733,8800.0,3100.0,0.1607374392220421,0.1910603576610699,1066.0
2021-01-21,42.9,75.1,15.2,29.0,0.7236775035533254,0.7532823303592097,,,0.3133,11900.0,3900.0,0.1607374392220421,0.1910603576610699,1066.0
2021-01-22,38.7,83.0,6.9,29.2,0.8419395959447034,0.8106038139258006,,,0.4,14400.0,4400.0,0.1607374392220421,0.1910603576610699,1066.0
2021-01-23,34.7,87.9,5.3,29.3,0.7892012090010166,-0.0305062134538465,,,0.3133,12600.0,4100.0,0.1607374392220421,0.1910603576610699,1066.0
2021-01-24,31.7,91.4,5.3,29.3,0.8857408069946133,0.5834399095925049,,,0.24,15700.0,4400.0,0.1607374392220421,0.1910603576610699,1066.0
2021-01-25,33.6,81.1,7.5,29.7,0.9534076740963974,0.950465714679924,,,0.4467,9900.0,3200.0,0.1607374392220421,0.1910603576610699,1066.0
2021-01-26,35.6,91.0,6.3,29.9,0.9146415124081888,0.5753265604199198,,,0.18,7000.0,2700.0,0.1607374392220421,0.1910603576610699,1066.0
2021-01-27,46.9,95.5,5.8,29.8,0.9645300400360088,0.3850918687092487,,,0.2063,8100.0,2900.0,0.1607374392220421,0.1910603576610699,1066.0
2021-01-28,51.3,89.6,10.9,29.5,1.0487088629355024,0.6532708167419414,,,0.35,9200.0,3300.0,0.1607374392220421,0.1910603576610699,1066.0
2021-01-29,48.9,85.3,11.9,29.4,1.0407789914905887,0.1907846252363939,,,0.3267,14300.0,4400.0,0.1607374392220421,0.1910603576610699,1066.0
2021-01-30,41.3,89.8,11.6,29.4,1.116143227659906,0.3372068805230023,,,0.1294,13300.0,4400.0,0.1607374392220421,0.1910603576610699,1066.0
2021-02-01,38.1,90.8,4.9,29.4,1.0879045202451667,0.5639320665181866,,,0.1176,10000.0,2800.0,0.1607374392220421,0.1910603576610699,1066.0
2021-02-02,48.5,88.6,11.1,29.3,1.081228518448095,0.9381065111275836,,,0.3588,8300.0,2700.0,0.1607374392220421,0.1910603576610699,1066.0
2021-02-03,46.9,81.9,8.7,29.3,1.097159604822929,0.4758764206106686,,,0.2706,7900.0,2500.0,0.1607374392220421,0.1910603576610699,1066.0
2021-02-04,43.1,94.1,5.8,29.7,1.07938189671539,0.3661671114342777,,,0.1824,9500.0,2800.0,0.1607374392220421,0.1910603576610699,1066.0
2021-02-05,45.4,89.9,6.5,29.7,1.0893083570315996,0.339237363021599,,,0.4235,13600.0,3700.0,0.1607374392220421,0.1910603576610699,1066.0
2021-02-06,42.7,90.7,4.8,29.6,1.069662503099119,0.2691622321230896,,,0.5235,13300.0,4100.0,0.1607374392220421,0.1910603576610699,1066.0
2021-02-07,35.4,80.8,11.6,29.6,1.0555990143228908,0.2596422015185986,,,0.3235,13900.0,3700.0,0.1607374392220421,0.1910603576610699,1066.0
2021-02-08,29.4,77.9,10.4,29.5,1.0552584041053927,0.4990361683469458,,,0.3176,10300.0,2900.0,0.1607374392220421,0.1910603576610699,1066.0
2021-02-09,30.9,78.9,9.9,29.6,1.0460847105908966,0.5483151949041134,,,0.2882,7600.0,2200.0,0.1607374392220421,0.1910603576610699,1066.0
2021-02-10,32.0,69.8,7.8,29.9,1.0264627634558785,0.4228027523445512,,,0.4765,9300.0,2600.0,0.1607374392220421,0.1910603576610699,1066.0
2021-02-11,29.7,73.1,10.3,30.2,1.0251512779416576,0.3975100589207193,,,0.5235,10400.0,3500.0,0.1607374392220421,0.1910603576610699,1066.0
2021-02-12,30.7,61.4,15.9,30.3,1.034667393622506,0.4353150023658783,,,0.6706,17200.0,5200.0,0.1607374392220421,0.1910603576610699,1066.0
2021-02-13,29.9,58.1,13.2,30.4,1.0276612632374709,0.5575537596767506,,,0.5765,18700.0,6600.0,0.1607374392220421,0.1910603576610699,1066.0
2021-02-14,36.5,62.8,13.5,30.2,1.0267206216844555,0.6940752504996375,,,0.2053,18700.0,5400.0,0.1607374392220421,0.1910603576610699,1066.0
2021-02-15,47.5,87.9,9.7,30.0,1.0274864787389586,0.941151097119322,,,0.5474,8400.0,2400.0,0.1607374392220421,0.1910603576610699,1066.0
2021-02-16,48.7,86.3,11.8,29.7,1.0124657687059515,0.5672419543915233,,,0.2789,6600.0,2100.0,0.1607374392220421,0.1910603576610699,1066.0
2021-02-17,49.3,87.4,13.3,29.7,0.9994017953177918,0.6152724829290597,,,0.2105,8300.0,2400.0,0.1607374392220421,0.1910603576610699,1066.0
2021-02-18,46.8,76.0,13.5,29.5,0.9861045890609392,0.7721838359507953,,,0.4,8100.0,2600.0,0.1607374392220421,0.1910603576610699,1066.0
2021-02-19,47.0,82.3,13.2,29.7,0.998604343835351,0.8080995123408756,,,0.3105,12100.0,3300.0,0.1607374392220421,0.1910603576610699,1066.0
2021-02-20,54.8,68.3,13.0,29.5,0.9923744135535628,1.075060332988502,,,0.6263,12900.0,4500.0,0.1607374392220421,0.1910603576610699,1066.0
2021-02-21,52.4,80.3,7.0,29.7,0.991315964787553,0.9953200290305092,,,0.4789,13600.0,3900.0,0.1607374392220421,0.1910603576610699,1066.0
2021-02-22,47.9,89.1,3.7,29.9,0.9902665888534152,1.13402877197102,,,0.2278,8800.0,2700.0,0.1607374392220421,0.1910603576610699,1066.0
2021-02-23,49.8,75.4,13.1,30.1,0.989299012769668,1.1259212681188204,,,1.2063,7300.0,2600.0,0.1607374392220421,0.1910603576610699,1066.0
2021-02-24,55.3,69.2,13.2,30.1,0.9855853613342496,0.985378058822718,,,0.9211,9100.0,2700.0,0.1607374392220421,0.1910603576610699,1066.0
2021-02-25,50.0,75.3,8.4,30.2,0.9830598999334308,1.08854779127789,,,0.6737,9900.0,3300.0,0.1607374392220421,0.1910603576610699,1066.0
2021-02-26,43.4,69.8,3.4,30.5,0.9916271960589476,1.013781837638039,,,1.0789,15000.0,4800.0,0.1607374392220421,0.1910603576610699,1066.0
2021-02-27,43.5,75.2,3.4,30.6,0.992627509126204,1.252349149837877,,,1.0368,13900.0,4600.0,0.1607374392220421,0.1910603576610699,1066.0
2021-02-28,41.7,83.7,5.9,30.5,0.9905856834523422,1.0687187868792114,,,0.825,16800.0,5100.0,0.1607374392220421,0.1910603576610699,1066.0
2021-03-01,42.6,83.6,8.5,30.4,0.9894845433907696,1.2024207220227598,,,0.8,12300.0,3900.0,0.1607374392220421,0.1910603576610699,1066.0
2021-03-02,41.3,84.8,5.3,30.3,0.9900736386152696,1.066678041779634,,,0.6143,10500.0,3900.0,0.1607374392220421,0.1910603576610699,1066.0
2021-03-03,42.3,93.4,4.1,30.3,0.9895962713495308,1.2062455791293816,,,0.3714,10400.0,3500.0,0.1607374392220421,0.1910603576610699,1066.0
2021-03-04,41.2,86.3,6.0,30.2,0.9892317310991242,1.2921231281969088,,,0.2952,11300.0,4400.0,0.1607374392220421,0.1910603576610699,1066.0
2021-03-05,39.5,63.4,7.9,30.4,0.9942927191248974,1.1574217774988853,,,0.5857,16300.0,5700.0,0.1607374392220421,0.1910603576610699,1066.0
2021-03-06,38.9,68.2,5.1,30.4,0.993708612584198,0.9795058740922312,,,0.7476,13400.0,5000.0,0.1607374392220421,0.1910603576610699,1066.0
2021-03-07,38.3,62.1,3.1,30.3,0.9930757446513828,1.2516264451901504,,,0.8476,16800.0,5200.0,0.1607374392220421,0.1910603576610699,1066.0
2021-03-08,40.6,70.5,4.1,30.1,0.9956138662949134,1.4260881802941292,,,0.8524,11000.0,3500.0,0.1607374392220421,0.1910603576610699,1066.0
2021-03-09,44.5,68.0,8.5,30.0,0.9933898864951022,1.546456891263538,,,1.2143,9100.0,3800.0,0.1607374392220421,0.1910603576610699,1066.0
2021-03-10,46.1,85.8,15.8,29.7,0.9925947024862676,1.11671372762072,,,0.2476,9800.0,3200.0,0.1607374392220421,0.1910603576610699,1066.0
2021-03-11,48.9,69.1,24.2,29.3,0.9933513985674964,1.074904297698914,,,0.8429,10300.0,4300.0,0.1607374392220421,0.1910603576610699,1066.0
2021-03-12,45.1,73.7,16.4,29.5,0.9951071190724892,1.0350223681168345,,,0.7045,15000.0,5300.0,0.1607374392220421,0.1910603576610699,1066.0
2021-03-13,44.3,69.0,20.1,29.3,0.995738188638548,1.1631280363745835,,,0.8045,12300.0,4600.0,0.1607374392220421,0.1910603576610699,1066.0
2021-03-14,45.5,74.9,13.5,29.8,0.9954022795174896,1.0776342109562524,,,0.5455,16400.0,5000.0,0.1607374392220421,0.1910603576610699,1066.0
2021-03-15,49.1,68.8,9.2,30.0,0.995773352544417,1.161429770529406,,,0.7652,11200.0,3500.0,0.1607374392220421,0.1910603576610699,1066.0
2021-03-16,49.9,75.2,8.1,30.3,0.9966592958842504,1.0786197674529534,,,0.9087,9700.0,4100.0,0.1607374392220421,0.1910603576610699,1066.0
2021-03-17,45.3,73.8,5.9,30.4,0.9952582548517596,1.364132046769967,,,0.6174,9900.0,3900.0,0.1607374392220421,0.1910603576610699,1066.0
2021-03-18,45.3,80.6,5.8,30.3,0.9949487304768064,1.3993333933869083,,,0.5435,12000.0,5300.0,0.1607374392220421,0.1910603576610699,1066.0
2021-03-19,46.7,74.5,8.1,30.3,0.9980433956980324,1.032733478422673,,,1.0043,14400.0,4700.0,0.1607374392220421,0.1910603576610699,1066.0
2021-03-20,45.4,78.6,4.6,30.4,0.998415717213562,1.0331974226488465,,,0.6391,11800.0,4600.0,0.1607374392220421,0.1910603576610699,1066.0
2021-03-21,47.7,69.7,6.0,30.3,0.998145367091268,1.0327534307784418,,,1.1304,15700.0,4700.0,0.1607374392220421,0.1910603576610699,1066.0
2021-03-22,47.3,69.9,4.3,30.2,0.998481287397838,1.0356653436656609,,,1.4652,9600.0,2900.0,0.1607374392220421,0.1910603576610699,1066.0
2021-03-23,45.6,73.9,7.8,30.1,0.998990015345852,1.3949433633055863,,,1.1522,8500.0,3400.0,0.1607374392220421,0.1910603576610699,1066.0
2021-03-24,47.0,80.7,7.9,30.1,0.9978171584563618,1.2343798507736676,,,0.7458,8600.0,2900.0,0.1607374392220421,0.1910603576610699,1066.0
2021-03-25,47.4,81.4,10.4,30.0,0.998163073844447,1.076305523387907,,,1.0667,11200.0,4100.0,0.1607374392220421,0.1910603576610699,1066.0
2021-03-26,47.9,79.3,14.6,29.8,1.0014581542150214,1.198212742176303,,,0.6042,16800.0,6000.0,0.1607374392220421,0.1910603576610699,1066.0
2021-03-27,45.3,68.3,14.6,30.0,0.999882454910046,1.1171194820463466,,,1.1458,15800.0,7200.0,0.1607374392220421,0.1910603576610699,1066.0
2021-03-28,51.0,74.1,17.7,30.1,0.999654473631913,1.1163874772999984,,,0.6292,19400.0,6600.0,0.1607374392220421,0.1910603576610699,1066.0
2021-03-29,54.6,68.2,12.1,30.2,0.9996327051530856,1.077192156307598,,,1.5125,12500.0,4400.0,0.1607374392220421,0.1910603576610699,1066.0
2021-03-30,56.5,57.9,3.7,30.3,0.999500469504498,1.076819106126616,,,1.6625,11700.0,4700.0,0.1607374392220421,0.1910603576610699,1066.0
2021-03-31,57.9,59.6,2.4,30.0,0.9983933723199176,1.03645071464954,,,0.8542,12700.0,4500.0,0.1607374392220421,0.1910603576610699,1066.0
2021-04-01,50.9,72.6,9.5,30.2,0.9982321329278906,1.1515885336866338,,,1.0375,16100.0,6300.0,0.1607374392220421,0.1910603576610699,1066.0
2021-04-02,44.8,63.2,10.0,30.3,0.9998498612627243,1.1912158579309022,,,1.576,18200.0,6500.0,0.1607374392220421,0.1910603576610699,1066.0
2021-04-03,44.7,65.2,8.5,30.4,1.000482035956731,1.036478290553836,,,0.796,16100.0,6200.0,0.1607374392220421,0.1910603576610699,1066.0
2021-04-04,46.9,65.1,6.7,30.2,1.0007599097115727,1.036827071391251,,,1.808,14800.0,5200.0,0.1607374392220421,0.1910603576610699,1066.0
2021-04-05,42.8,52.2,9.7,30.0,1.000467027580146,1.1125387777132596,,,0.6667,15300.0,5100.0,0.1607374392220421,0.1910603576610699,1066.0
2021-04-06,36.9,60.1,8.6,30.0,0.999675622044338,1.0375593884989285,,,1.3095,14300.0,5500.0,0.1607374392220421,0.1910603576610699,1066.0
2021-04-07,37.1,62.7,8.7,30.1,0.999693946610252,1.1133161293993177,,,0.9423,15600.0,6200.0,0.1607374392220421,0.1910603576610699,1066.0
2021-04-08,45.4,60.4,10.7,30.1,0.9999122869713192,0.9998170796117308,,,1.1423,18800.0,7700.0,0.1607374392220421,0.1910603576610699,1066.0
2021-04-09,47.6,68.2,7.4,29.8,1.0011929348990565,1.1149988467166645,,,1.4269,18800.0,6300.0,0.1607374392220421,0.1910603576610699,1066.0
2021-04-10,44.1,68.7,7.9,29.8,1.0010823025245523,1.2268818396388532,,,0.5308,17200.0,5400.0,0.1607374392220421,0.1910603576610699,1066.0
2021-04-11,39.8,64.8,6.2,30.0,1.0013154169732883,1.0392593104617842,,,1.0615,22100.0,6200.0,0.1607374392220421,0.1910603576610699,1066.0
2021-04-12,40.3,66.3,4.3,30.3,1.0008092041593537,1.1145074702335869,,,1.1423,15400.0,4600.0,0.1607374392220421,0.1910603576610699,1066.0
2021-04-13,42.9,65.9,3.9,30.4,1.0013936259584293,1.077326780631877,,,1.0308,11300.0,3900.0,0.1607374392220421,0.1910603576610699,1066.0
2021-04-14,44.6,62.7,4.9,30.4,1.0002387638871857,1.1506559865771706,,,1.3077,11800.0,3500.0,0.1607374392220421,0.1910603576610699,1066.0
2021-04-15,42.9,65.6,5.9,30.4,1.0006593753296518,1.0383821898994918,,,1.3692,12900.0,4400.0,0.1607374392220421,0.1910603576610699,1066.0
2021-04-16,43.3,63.3,5.1,30.4,1.0018320110426873,1.077389003924496,,,1.4962,18400.0,5900.0,0.1607374392220421,0.1910603576610699,1066.0
2021-04-17,45.3,52.0,5.5,30.3,1.0017832704484118,1.0772034681328977,,,0.42,15500.0,5100.0,0.1607374392220421,0.1910603576610699,1066.0
2021-04-18,48.1,48.2,3.6,30.2,1.0019328950033024,1.1517417565949706,,,2.0846,20200.0,5800.0,0.1607374392220421,0.1910603576610699,1066.0
2021-04-19,51.0,60.4,4.3,30.1,1.002028048516019,1.0399176897639313,,,2.2038,13400.0,4200.0,0.1607374392220421,0.1910603576610699,1066.0
2021-04-20,52.1,62.3,4.3,30.0,1.0016777352419264,1.1137464121648095,,,1.9593,10300.0,3400.0,0.1607374392220421,0.1910603576610699,1066.0
2021-04-21,49.9,69.1,8.0,30.1,1.0010657419756814,1.1863962907406895,,,1.6393,10700.0,3500.0,0.1607374392220421,0.1910603576610699,1066.0
2021-04-22,46.3,59.0,9.0,30.2,1.0015621247288573,1.0389823829886662,,,2.275,11900.0,4300.0,0.1607374392220421,0.1910603576610699,1066.0
2021-04-23,48.7,59.9,8.4,30.3,1.0022871156071609,1.0399222386786888,,,2.3679,17600.0,6100.0,0.1607374392220421,0.1910603576610699,1066.0
2021-04-24,50.5,56.3,9.5,30.2,1.0020033384787863,1.0395343615909294,,,2.7071,14400.0,4600.0,0.1607374392220421,0.1910603576610699,1066.0
2021-04-25,47.9,62.9,11.5,30.3,1.0027944438478966,1.1142519489513671,,,2.5929,16100.0,4600.0,0.1607374392220421,0.1910603576610699,1066.0
2021-04-26,46.1,58.0,9.3,30.1,1.0022965065186875,1.1133301598169916,,,2.3143,11700.0,3800.0,0.1607374392220421,0.1910603576610699,1066.0
2021-04-27,48.9,56.9,4.2,29.7,1.0016516650822704,1.1121958971965935,,,1.4107,8500.0,3000.0,0.1607374392220421,0.1910603576610699,1066.0
2021-04-28,47.2,67.9,8.1,29.6,1.001415291537527,1.075064468180842,,,0.3964,10300.0,3100.0,0.1607374392220421,0.1910603576610699,1066.0
2021-05-01,46.3,63.9,4.5,29.9,1.0012730643499204,1.0376595072343309,,,,14500.0,4700.0,0.1607374392220421,0.1910603576610699,1066.0
2021-05-02,48.2,61.4,5.1,30.0,1.0014292236929248,1.1455408595268883,,,,14600.0,4700.0,0.1607374392220421,0.1910603576610699,1066.0
2021-05-03,49.3,68.5,16.7,29.8,1.001429578066089,1.1450129937381313,35.63437079007295,,0.9947,12000.0,3600.0,0.1607374392220421,0.1910603576610699,1066.0
2021-05-04,50.0,61.5,19.2,29.4,1.0010512303815398,1.001294564909091,1.0003934761634532,,2.1179,9500.0,3000.0,0.1607374392220421,0.1910603576610699,1066.0
2021-05-05,44.3,72.0,8.6,29.7,1.000852924274245,1.1423054220705562,18.32922804301342,,1.6444,10500.0,3000.0,0.1607374392220421,0.1910603576610699,1066.0
2021-05-06,44.8,66.6,6.3,29.6,1.0008479492571265,1.0363208162430606,4.8523450561286925,,1.5214,10800.0,3600.0,0.1607374392220421,0.1910603576610699,1066.0
2021-05-07,48.1,53.5,8.5,29.9,1.0013411805153274,1.0721311520975878,7.306930453693361,,1.5069,17300.0,5200.0,0.1607374392220421,0.1910603576610699,1066.0
2021-05-08,53.8,76.0,15.4,29.6,1.0013562845081012,1.1406559447981364,10.254575371774475,,0.6207,14400.0,4500.0,0.1607374392220421,0.1910603576610699,1066.0
2021-05-09,60.2,72.0,12.6,29.3,1.0013304888762258,1.1056102318569594,10.920450564536653,,1.4069,18200.0,5100.0,0.1607374392220421,0.1910603576610699,1066.0
2021-05-10,54.6,73.6,13.4,29.4,1.0010825328036226,1.0013225534992949,1.000406198999381,,1.7448,13700.0,3800.0,0.1607374392220421,0.1910603576610699,1066.0
2021-05-11,53.6,69.4,9.9,29.6,1.0012422850517748,1.1397101231842506,10.58651850371512,,1.6233,9600.0,3300.0,0.1607374392220421,0.1910603576610699,1066.0
2021-05-12,54.5,64.0,9.1,29.7,1.0009569048656728,1.1373985159605848,8.51636194406689,,1.5767,10500.0,3100.0,0.1607374392220421,0.1910603576610699,1066.0
2021-05-13,52.2,81.7,8.0,29.6,1.0009182226283306,1.035144506416407,3.608315733109456,,0.9433,10800.0,3300.0,0.1607374392220421,0.1910603576610699,1066.0
2021-05-14,50.7,79.0,5.6,29.7,1.0010276014762631,1.1020122090415854,7.389637918281817,,0.7567,15200.0,4500.0,0.1607374392220421,0.1910603576610699,1066.0
2021-05-15,51.5,81.9,6.7,29.5,1.000965468068738,1.0347320676175216,3.626629491974932,,1.0867,12300.0,3400.0,0.1607374392220421,0.1910603576610699,1066.0
2021-05-16,51.5,85.2,7.8,29.4,1.001195942304686,1.2324522626767676,13.034671079107378,,1.1967,15700.0,4100.0,0.1607374392220421,0.1910603576610699,1066.0
2021-05-17,52.8,82.3,7.4,29.6,1.0009437953718363,1.0011315358906625,1.0003500589011505,,1.39,16400.0,4500.0,0.1607374392220421,0.1910603576610699,1066.0
2021-05-18,51.8,81.3,8.3,29.8,1.0009683815651895,1.1313236159168705,7.898851622346819,,1.8433,12800.0,3800.0,0.1607374392220421,0.1910603576610699,1066.0
2021-05-19,53.6,70.2,7.8,29.9,1.0005113811389963,1.0655570949195243,4.139227713772288,,2.0633,14800.0,4000.0,0.1607374392220421,0.1910603576610699,1066.0
2021-05-20,51.8,77.0,14.4,29.8,1.001195933173776,1.097599771978727,5.864430761296466,,1.01,16200.0,4800.0,0.1607374392220421,0.1910603576610699,1066.0
2021-05-21,52.5,76.4,22.4,29.3,1.00118667543576,1.159256571765209,8.443006655687336,,0.84,23500.0,7900.0,0.1607374392220421,0.1910603576610699,1066.0
2021-05-22,51.0,79.5,8.9,29.5,1.001062356810221,1.0946860790255537,5.454087976285198,,1.43,18700.0,6300.0,0.1607374392220421,0.1910603576610699,1066.0
2021-05-23,49.4,78.0,12.4,29.7,1.0011825555871956,1.1255791127079269,6.609749835880353,,1.3567,24000.0,7400.0,0.1607374392220421,0.1910603576610699,1066.0
2021-05-24,49.7,81.5,9.6,29.5,1.0010543116418755,1.0931093686142603,4.756274399428478,,1.3333,18000.0,6000.0,0.1607374392220421,0.1910603576610699,1066.0
2021-05-25,51.1,74.4,11.6,29.8,1.000749668483129,1.241399702446332,9.441383079147071,,1.1167,14500.0,5100.0,0.1607374392220421,0.1910603576610699,1066.0
2021-05-26,52.6,71.0,7.0,29.9,1.0007610121089077,1.0602314779752713,3.1774945574594096,,1.9367,18900.0,6900.0,0.1607374392220421,0.1910603576610699,1066.0
2021-05-27,58.4,63.5,4.0,30.0,1.0010332320974722,1.0597895177936174,3.225158367105558,,2.2267,19300.0,7800.0,0.1607374392220421,0.1910603576610699,1066.0
2021-05-28,58.9,70.1,3.9,30.1,1.00131703182834,1.0304930841058393,2.2524223204834053,,1.4417,28600.0,11100.0,0.1607374392220421,0.1910603576610699,1066.0
2021-05-29,59.7,63.0,6.9,30.2,1.0009520183705205,1.113705060890238,5.9201272839672665,,2.3033,28500.0,14100.0,0.1607374392220421,0.1910603576610699,1066.0
2021-05-30,55.3,74.9,7.4,30.2,1.001128679815565,1.1381071311266826,6.508249845282986,,2.5833,37800.0,20400.0,0.1607374392220421,0.1910603576610699,1066.0
2021-05-31,60.3,67.3,8.0,30.1,1.001010755589636,1.0544472184160996,3.3016624678476028,,2.6667,26400.0,11200.0,0.1607374392220421,0.1910603576610699,1066.0
2021-06-01,65.4,53.9,8.9,29.9,1.0007926572212116,1.1057717420548756,5.443111239395844,,3.0967,25600.0,10800.0,0.1607374392220421,0.1910603576610699,1066.0
2021-06-02,68.8,55.3,8.1,29.8,1.0006771937162222,1.1025959426609553,5.273477910998524,,2.0452,24500.0,10000.0,0.1607374392220421,0.1910603576610699,1066.0
2021-06-03,66.2,70.5,7.7,30.0,1.000648582914771,1.1487459653741436,6.812698944261691,,2.4194,26200.0,11500.0,0.1607374392220421,0.1910603576610699,1066.0
2021-06-04,58.5,83.8,4.8,30.1,1.0010154685100308,1.0490979317353604,2.975638677855142,,1.0839,35500.0,16700.0,0.1607374392220421,0.1910603576610699,1066.0
2021-06-05,62.8,68.3,5.2,30.1,1.0012887083829554,1.0944003022978324,4.787137430062864,,2.4688,40400.0,20700.0,0.1607374392220421,0.1910603576610699,1066.0
2021-06-06,63.3,75.1,5.7,30.2,1.0012016512931607,1.112087869651455,5.548221765767233,,2.2188,46900.0,22700.0,0.1607374392220421,0.1910603576610699,1066.0
2021-06-07,64.3,73.4,6.7,30.1,1.0011838810187084,1.0870280588899703,4.483825299097454,,2.2344,33700.0,16700.0,0.1607374392220421,0.1910603576610699,1066.0
2021-06-08,65.4,63.5,6.0,30.1,1.0009168109432287,1.1456297499854062,6.453852746617947,,3.0,21600.0,8900.0,0.1607374392220421,0.1910603576610699,1066.0
2021-06-09,66.5,60.3,7.8,30.1,1.0007106099869665,1.19948507850205,7.805947198451384,,3.1781,23600.0,9900.0,0.1607374392220421,0.1910603576610699,1066.0
2021-06-10,67.0,74.3,8.4,30.1,1.0011719327788726,1.1352569021534056,5.385375918092677,,2.1063,23400.0,9800.0,0.1607374392220421,0.1910603576610699,1066.0
2021-06-11,67.6,72.1,10.3,30.0,1.0013434234058478,1.1460043072131834,5.666764217039651,,2.0563,29800.0,12300.0,0.1607374392220421,0.1910603576610699,1066.0
2021-06-12,66.6,61.6,6.2,30.1,1.000962468505595,1.1708610862386657,6.294458707292167,,2.975,31300.0,14500.0,0.1607374392220421,0.1910603576610699,1066.0
2021-06-13,70.8,55.4,5.3,30.2,1.0010725246263965,1.207790956030961,7.0623780283586965,,3.1844,34300.0,14000.0,0.1607374392220421,0.1910603576610699,1066.0
2021-06-14,71.8,58.2,6.5,30.1,1.0010556711573624,1.193865778016265,6.435510514998367,,2.9406,24300.0,10500.0,0.1607374392220421,0.1910603576610699,1066.0
2021-06-15,68.1,55.2,6.7,30.0,1.0009954433719848,1.1114758500993207,4.212957299392314,,3.025,20800.0,8100.0,0.1607374392220421,0.1910603576610699,1066.0
2021-06-16,70.8,66.8,6.8,29.8,1.0007330012162572,1.1411813030055906,5.111749535867749,,2.625,22000.0,9000.0,0.1607374392220421,0.1910603576610699,1066.0
2021-06-17,66.5,83.5,5.6,29.8,1.0009578759790307,1.1337857360589805,4.849931678930247,,1.2484,23700.0,9700.0,0.1607374392220421,0.1910603576610699,1066.0
2021-06-18,57.8,92.9,6.9,29.8,1.0014395739086608,1.1232261684260247,4.573272443364882,,0.4438,28400.0,12500.0,0.1607374392220421,0.1910603576610699,1066.0
2021-06-19,56.7,86.5,5.8,29.9,1.0014423269584638,1.146757134716235,5.196481780421437,,0.6656,30300.0,14300.0,0.1607374392220421,0.1910603576610699,1066.0
2021-06-20,58.5,86.9,7.0,29.7,1.0014535891531988,1.104730542497875,4.09918652691121,,1.05,32400.0,12800.0,0.1607374392220421,0.1910603576610699,1066.0
2021-06-21,55.4,83.2,9.7,29.8,1.0012195132733483,1.0710637968777224,3.206016866802408,,0.7938,25900.0,10400.0,0.1607374392220421,0.1910603576610699,1066.0
2021-06-22,57.4,63.9,8.8,30.0,1.0010685567011657,1.124703515806898,5.067529952828852,,1.7281,22000.0,8800.0,0.1607374392220421,0.1910603576610699,1066.0
2021-06-23,59.5,59.7,4.4,30.1,1.0010348116547063,1.114047898135297,4.735731651805973,,2.4063,23900.0,9200.0,0.1607374392220421,0.1910603576610699,1066.0
2021-06-24,61.3,74.2,5.7,30.1,1.0011205217426138,1.1892230969441555,7.202253845555281,,1.2125,24700.0,10000.0,0.1607374392220421,0.1910603576610699,1066.0
2021-06-25,63.6,67.6,7.3,29.9,1.0016485340897576,1.105012999607449,4.307663023313983,,1.7781,32200.0,13100.0,0.1607374392220421,0.1910603576610699,1066.0
2021-06-26,64.2,66.3,6.9,29.9,1.001722757078376,1.1045409348839133,4.25104608590158,,2.025,31300.0,14900.0,0.1607374392220421,0.1910603576610699,1066.0
2021-06-27,63.4,84.4,8.0,29.9,1.0018285353875642,1.1634270045069006,6.050926998890104,,0.2556,34800.0,13500.0,0.1607374392220421,0.1910603576610699,1066.0
2021-06-28,62.5,90.3,6.5,29.9,1.0018514321625644,1.1433575419093345,5.281901261436496,,0.8938,29000.0,11000.0,0.1607374392220421,0.1910603576610699,1066.0
2021-06-29,60.8,81.5,5.9,29.9,1.001802233851424,1.0926645672779565,3.978114163244832,,1.4063,24800.0,9700.0,0.1607374392220421,0.1910603576610699,1066.0
2021-06-30,59.5,74.2,4.8,29.9,1.0014817850778126,1.088039374907625,3.759850909055449,,1.4563,28500.0,11400.0,0.1607374392220421,0.1910603576610699,1066.0
2021-07-01,63.5,69.9,3.6,30.0,1.001545060884918,1.080124175438059,3.618758183708996,,1.7484,29500.0,13300.0,0.1607374392220421,0.1910603576610699,1066.0
2021-07-02,65.9,75.2,5.6,29.9,1.0019058914511056,1.089470741606802,3.928872961799514,,2.2,33300.0,15600.0,0.1607374392220421,0.1910603576610699,1066.0
2021-07-03,64.8,79.4,8.2,29.8,1.0028669392895015,1.1007202081539178,4.296478790173021,,1.429,34800.0,18000.0,0.1607374392220421,0.1910603576610699,1066.0
2021-07-04,62.7,84.3,11.0,29.7,1.002992115783215,1.10567307678224,4.209527461446943,,1.7968,35900.0,15700.0,0.1607374392220421,0.1910603576610699,1066.0
2021-07-05,61.1,78.0,10.1,29.6,1.0030896150005606,1.108082503294344,4.479068814458727,,1.9903,31400.0,13900.0,0.1607374392220421,0.1910603576610699,1066.0
2021-07-06,59.4,84.0,12.7,29.4,1.0029091455065706,1.102097798268034,4.423226527617997,,1.9129,25100.0,11300.0,0.1607374392220421,0.1910603576610699,1066.0
2021-07-07,62.1,77.5,12.4,29.8,1.0024382786592785,1.088376006593605,3.3360956718164942,,1.6774,26200.0,12000.0,0.1607374392220421,0.1910603576610699,1066.0
2021-07-08,62.8,79.5,7.6,30.0,1.0028938604450246,1.083819667466711,3.513084998605598,,1.6483,30600.0,16100.0,0.1607374392220421,0.1910603576610699,1066.0
2021-07-09,65.3,72.8,7.2,30.0,1.004228312420253,1.0406888279393585,1.9144924676214927,,2.5968,37800.0,20100.0,0.1607374392220421,0.1910603576610699,1066.0
2021-07-10,60.3,76.8,4.2,29.9,1.0040306327320936,1.0578337060399874,2.715231629195864,,1.3065,46300.0,27200.0,0.1607374392220421,0.1910603576610699,1066.0
2021-07-11,61.5,80.1,6.2,29.9,1.0042714916089392,1.0816284227602746,3.686417742435036,,1.4,43400.0,19900.0,0.1607374392220421,0.1910603576610699,1066.0
2021-07-12,62.3,85.4,4.3,29.8,1.0040702144759497,1.0742359068583252,3.9474492278647344,,1.8677,36900.0,20300.0,0.1607374392220421,0.1910603576610699,1066.0
2021-07-13,65.3,77.3,5.2,29.9,1.004001259110428,1.1009940123372168,4.8566499531196685,,1.8452,29700.0,16500.0,0.1607374392220421,0.1910603576610699,1066.0
2021-07-14,67.5,68.6,7.4,30.0,1.003138168008984,1.072735999918351,4.669212089925127,,2.1452,31700.0,16500.0,0.1607374392220421,0.1910603576610699,1066.0
2021-07-15,65.0,72.7,6.4,30.1,1.0036960680777036,1.0770152359171647,4.432535501054619,,1.5935,34000.0,18900.0,0.1607374392220421,0.1910603576610699,1066.0
2021-07-16,67.2,64.8,5.8,30.2,1.005422274071326,1.0548565635516065,2.8770570726935367,,3.3033,44100.0,24900.0,0.1607374392220421,0.1910603576610699,1066.0
2021-07-17,71.5,60.7,5.4,30.3,1.0054034119712454,1.041260426418167,1.9952319406243333,,3.2,51600.0,31300.0,0.1607374392220421,0.1910603576610699,1066.0
2021-07-18,75.9,58.1,3.5,30.2,1.0056190487001129,1.0316258953985409,2.67524349593564,,3.1,51200.0,26000.0,0.1607374392220421,0.1910603576610699,1066.0
2021-07-19,76.0,63.8,5.2,30.0,1.005830932235607,1.0315853114211158,2.415061081442403,,2.82,57600.0,32300.0,0.1607374392220421,0.1910603576610699,1066.0
2021-07-20,74.6,66.3,6.2,30.0,1.0052431886377975,1.0203977201146297,1.3103625198389734,,2.9533,46400.0,25800.0,0.1607374392220421,0.1910603576610699,1066.0
2021-07-21,75.1,64.7,4.4,30.1,1.0040208509334063,1.0246541316498017,1.739098363718825,,2.3167,42900.0,22900.0,0.1607374392220421,0.1910603576610699,1066.0
2021-07-22,73.1,63.2,5.7,30.1,1.004605011793339,1.019095323256027,0.9479094455490712,,2.025,43600.0,23700.0,0.1607374392220421,0.1910603576610699,1066.0
2021-07-23,66.7,71.0,10.0,29.9,1.007543505935343,1.021139937288912,0.888408156723683,,3.0,56000.0,31300.0,0.1607374392220421,0.1910603576610699,1066.0
2021-07-24,65.2,80.8,8.1,29.7,1.0081298724668528,1.0202573567104056,0.6603517759056616,,0.75,69100.0,41000.0,0.1607374392220421,0.1910603576610699,1066.0
2021-07-25,65.4,85.1,4.9,29.7,1.008920752988397,1.028388054456,1.3639090773279818,,0.82,71100.0,36200.0,0.1607374392220421,0.1910603576610699,1066.0
2021-07-26,67.7,77.5,4.9,29.7,1.0087180104785882,1.0225440559578785,0.7541798297261477,,1.6067,59100.0,33000.0,0.1607374392220421,0.1910603576610699,1066.0
2021-07-27,65.6,75.8,9.3,29.7,1.0085745829690658,1.0255769174611609,1.0767617811669643,,1.7167,52500.0,29100.0,0.1607374392220421,0.1910603576610699,1066.0
2021-07-28,62.3,81.7,12.0,29.6,1.0079612883132123,1.0217698504880688,0.7173740253882426,,1.4033,53700.0,29600.0,0.1607374392220421,0.1910603576610699,1066.0
2021-07-29,62.6,64.9,13.4,29.7,1.008857842517807,1.021529442175971,0.6855600918882094,,2.18,59500.0,34100.0,0.1607374392220421,0.1910603576610699,1066.0
2021-07-30,61.0,81.3,14.0,29.5,1.0138441757871524,1.0248747599825725,0.5531843415456461,,1.1897,78100.0,45600.0,0.1607374392220421,0.1910603576610699,1066.0
2021-07-31,61.0,84.5,7.3,29.7,1.013383917427762,1.0266515450646978,0.7859840430724963,,1.231,96500.0,60000.0,0.1607374392220421,0.1910603576610699,1066.0
2021-08-01,62.5,81.4,5.4,29.8,1.0137105489319511,1.0151457929189742,1.0950756778914634,,1.3448,86500.0,50200.0,0.1607374392220421,0.1910603576610699,1066.0
2021-08-02,60.4,74.5,5.4,29.9,1.0137741200966153,1.0152156220816198,1.403871328326981,,1.4931,77700.0,44100.0,0.1607374392220421,0.1910603576610699,1066.0
2021-08-03,61.3,73.9,4.7,29.8,1.0124735602880743,1.013774670936188,1.162373323057403,,2.2276,59200.0,33700.0,0.1607374392220421,0.1910603576610699,1066.0
2021-08-04,63.5,70.6,5.1,29.8,1.0114709956780716,1.0126638879239358,1.6660413544294084,,1.8517,65900.0,37300.0,0.1607374392220421,0.1910603576610699,1066.0
2021-08-05,62.1,81.6,10.5,29.6,1.0120985627364365,1.0133584804436575,1.5621413851916066,,1.1103,72200.0,42000.0,0.1607374392220421,0.1910603576610699,1066.0
2021-08-06,63.4,78.2,13.0,29.4,1.0168146537007996,1.0185805611304513,1.172094528289933,,1.7179,90900.0,53600.0,0.1607374392220421,0.1910603576610699,1066.0
2021-08-07,60.9,81.5,10.5,29.4,1.0176045481652467,1.0194543780218706,1.668711740856537,,1.3828,109600.0,69300.0,0.1607374392220421,0.1910603576610699,1066.0
2021-08-08,60.8,79.4,13.9,29.6,1.0188807256484007,1.0208665152470486,1.5686536186201607,,1.175,119200.0,68600.0,0.1607374392220421,0.1910603576610699,1066.0
2021-08-09,61.0,84.1,9.4,29.8,1.0161323724770552,1.017822467597581,2.067808035894068,,1.5321,95400.0,54600.0,0.1607374392220421,0.1910603576610699,1066.0
2021-08-10,63.8,76.5,7.7,29.9,1.0153359716106465,1.0169399541925654,1.9521184413006765,,2.0036,84200.0,47800.0,0.1607374392220421,0.1910603576610699,1066.0
2021-08-11,64.6,69.2,8.6,30.0,1.0133554875917847,1.0147466089985833,1.8139425157256328,,1.9071,86100.0,49900.0,0.1607374392220421,0.1910603576610699,1066.0
2021-08-12,64.7,82.2,8.8,30.0,1.014509773296304,1.0160240009181494,1.7469375697116698,,1.075,89000.0,51600.0,0.1607374392220421,0.1910603576610699,1066.0
2021-08-13,63.8,77.4,9.8,30.1,1.021366030424908,1.0236135007199885,1.0182123886521257,,1.3893,104200.0,60400.0,0.1607374392220421,0.1910603576610699,1066.0
2021-08-14,66.1,72.9,8.8,30.0,1.022570144536212,1.0249450938063218,1.0173753143857012,,1.7929,125100.0,78700.0,0.1607374392220421,0.1910603576610699,1066.0
2021-08-15,64.9,74.5,10.3,29.8,1.02623280572651,1.0289977564212736,1.3945539446660264,,1.5857,128100.0,72600.0,0.1607374392220421,0.1910603576610699,1066.0
2021-08-16,60.6,69.6,9.0,29.9,1.0295195034533566,1.032633491568691,1.948251087712116,,1.3679,111500.0,63200.0,0.1607374392220421,0.1910603576610699,1066.0
2021-08-17,60.4,78.8,9.0,30.0,1.025844815449113,1.0285643099880308,1.3607520093205836,,0.7381,97400.0,54900.0,0.1607374392220421,0.1910603576610699,1066.0
2021-08-18,65.1,76.5,10.5,29.9,1.0173078069092256,1.0191148848916782,1.6564695109507457,,1.7964,100400.0,57900.0,0.1607374392220421,0.1910603576610699,1066.0
2021-08-19,62.9,74.4,8.3,29.9,1.0157998549552183,1.0174453067919629,1.4696285568960876,,1.5071,108800.0,63800.0,0.1607374392220421,0.1910603576610699,1066.0
2021-08-20,63.5,81.6,7.1,29.9,1.020587918424228,1.0227430778860582,0.7382242118094879,,0.9704,126400.0,74100.0,0.1607374392220421,0.1910603576610699,1066.0
2021-08-21,63.8,84.6,5.7,29.9,1.0171032007512586,1.0188859836927395,1.3527683206056995,,0.863,138100.0,88000.0,0.1607374392220421,0.1910603576610699,1066.0
2021-08-22,65.2,79.7,7.3,30.0,1.0149177305774106,1.0164669749334183,1.3219614677831222,,1.5926,140700.0,83600.0,0.1607374392220421,0.1910603576610699,1066.0
2021-08-23,63.8,73.1,6.6,30.3,1.0123877135014816,1.0136669798524125,1.5917659569350855,,1.25,125500.0,72300.0,0.1607374392220421,0.1910603576610699,1066.0
2021-08-24,63.6,69.1,7.6,30.3,1.0105907933813725,1.011678362897971,1.6469859147753314,,1.8231,115400.0,66900.0,0.1607374392220421,0.1910603576610699,1066.0
2021-08-25,63.0,72.3,6.9,30.2,1.0085930602407986,1.0094676995405447,1.340162720505032,,1.6158,120900.0,70300.0,0.1607374392220421,0.1910603576610699,1066.0
2021-08-26,62.6,66.3,7.6,30.1,1.0082871202832309,1.0091290098493908,1.3693838772042433,,1.08,127000.0,74200.0,0.1607374392220421,0.1910603576610699,1066.0
2021-08-27,59.9,70.5,6.2,30.1,1.0115417825223667,1.0127297752111322,1.6939404660986144,,1.3692,141900.0,83500.0,0.1607374392220421,0.1910603576610699,1066.0
2021-08-28,60.8,75.0,5.8,30.2,1.0113987126739026,1.0125711470317325,1.42379966365352,,1.5808,154100.0,98200.0,0.1607374392220421,0.1910603576610699,1066.0
2021-08-29,59.3,71.8,5.3,30.2,1.011484070796464,1.0126652493597816,1.5411937611808897,,0.5125,152700.0,90400.0,0.1607374392220421,0.1910603576610699,1066.0
2021-08-30,60.1,76.8,7.9,30.2,1.01075233333312,1.0118553926657885,1.7068310843469456,,0.3667,151200.0,86100.0,0.1607374392220421,0.1910603576610699,1066.0
2021-09-01,60.9,74.1,7.5,30.4,1.007162874700928,1.0078839854457282,1.5960809243211709,,1.1731,123900.0,68200.0,0.1607374392220421,0.1910603576610699,1066.0
2021-09-02,62.2,70.6,8.7,30.3,1.007261493134361,1.0079929543717967,1.6993891467822877,,1.4308,116900.0,62200.0,0.1607374392220421,0.1910603576610699,1066.0
2021-09-03,63.1,73.1,6.8,30.1,1.0111495720071788,1.0122939143863487,1.3379872794671497,,1.4423,126600.0,71500.0,0.1607374392220421,0.1910603576610699,1066.0
2021-09-04,61.7,78.4,7.3,30.0,1.011333919815668,1.0124975276815875,1.530629590967696,,1.0808,125800.0,77200.0,0.1607374392220421,0.1910603576610699,1066.0
2021-09-05,65.8,75.2,5.6,30.0,1.0120149973532009,1.0132505875167224,1.7172193594710337,,2.0538,126300.0,71000.0,0.1607374392220421,0.1910603576610699,1066.0
2021-09-06,69.5,73.0,2.6,30.1,1.0111707261194804,1.0123163593087356,1.4822514680157022,,1.9846,111100.0,59500.0,0.1607374392220421,0.1910603576610699,1066.0
2021-09-07,72.3,64.5,5.4,30.0,1.0097984664042683,1.0107981887474302,1.3958213334775764,,2.396,102200.0,53400.0,0.1607374392220421,0.1910603576610699,1066.0
2021-09-08,71.8,62.6,7.9,29.8,1.0074140081141982,1.008160526994836,1.3374282165405862,,2.216,111100.0,59000.0,0.1607374392220421,0.1910603576610699,1066.0
2021-09-09,65.9,85.6,8.6,29.7,1.0078491887065215,1.008641737132704,1.2249290283382734,,1.1208,118300.0,63700.0,0.1607374392220421,0.1910603576610699,1066.0
2021-09-10,65.1,87.4,8.7,29.8,1.0114315415398138,1.0126038438853455,1.1476770367069882,,1.1625,127400.0,69400.0,0.1607374392220421,0.1910603576610699,1066.0
2021-09-11,65.6,72.0,9.3,29.9,1.011098863241109,1.0122355812302417,0.5930341499716395,,1.5043,128400.0,77300.0,0.1607374392220421,0.1910603576610699,1066.0
2021-09-12,62.2,70.9,4.3,30.0,1.0114617142495588,1.0126365927463123,1.2942736271367354,,1.2958,136100.0,76400.0,0.1607374392220421,0.1910603576610699,1066.0
2021-09-13,62.7,74.6,8.8,29.9,1.010483766932393,1.0115547073942497,1.401243196820435,,1.3458,115200.0,64100.0,0.1607374392220421,0.1910603576610699,1066.0
2021-09-14,63.5,88.7,5.0,29.8,1.0092843037905774,1.0102279110647736,1.374727862405321,,0.7208,99900.0,54500.0,0.1607374392220421,0.1910603576610699,1066.0
2021-09-15,63.0,76.6,4.2,29.9,1.0077865093115024,1.0085712592409786,1.5271570866265036,,1.5958,111700.0,58600.0,0.1607374392220421,0.1910603576610699,1066.0
2021-09-16,61.3,81.3,5.4,29.9,1.0078968325226152,1.008897176911635,1.6162471962588398,,1.7292,118100.0,63200.0,0.1607374392220421,0.1910603576610699,1066.0
2021-09-17,61.8,79.8,6.3,29.9,1.0120341491763885,1.0132683200773651,1.4440964428879404,,1.5333,147400.0,80400.0,0.1607374392220421,0.1910603576610699,1066.0
2021-09-18,64.7,71.4,5.0,29.8,1.0116094257942927,1.0127983034590802,1.2136144587613986,,1.5417,154100.0,94200.0,0.1607374392220421,0.1910603576610699,1066.0
2021-09-19,60.6,87.2,3.7,29.9,1.0120242321209,1.013256686673782,1.859753430926168,,0.8292,162300.0,93000.0,0.1607374392220421,0.1910603576610699,1066.0
2021-09-20,60.2,76.8,5.9,30.1,1.0106689009691874,1.0117576421735837,2.04774180209015,,1.7348,137100.0,76900.0,0.1607374392220421,0.1910603576610699,1066.0
2021-09-21,59.5,77.3,2.6,30.3,1.0089410965188048,1.0098468248024997,2.0503775842754424,,1.6435,109200.0,60700.0,0.1607374392220421,0.1910603576610699,1066.0
2021-09-22,59.3,79.9,6.0,30.3,1.007837887463959,1.008626761193263,1.5685454958906035,,1.7435,115700.0,65500.0,0.1607374392220421,0.1910603576610699,1066.0
2021-09-23,60.9,82.2,9.7,30.0,1.0074210435122974,1.0081656991241037,1.370864386692391,,1.4857,125900.0,68200.0,0.1607374392220421,0.1910603576610699,1066.0
2021-09-24,62.6,79.3,8.3,29.9,1.0108838851237936,1.0119944970425454,1.4436171306055674,,1.8304,149800.0,82700.0,0.1607374392220421,0.1910603576610699,1066.0
2021-09-25,62.4,89.3,4.3,29.9,1.0097920918252417,1.0107870455151184,1.3434665075974548,,0.587,156100.0,97000.0,0.1607374392220421,0.1910603576610699,1066.0
2021-09-26,62.1,82.9,7.5,29.8,1.009945741604633,1.0109567134820767,1.7508012206433845,,1.4522,166800.0,97100.0,0.1607374392220421,0.1910603576610699,1066.0
2021-09-27,60.8,72.4,14.1,29.8,1.008934675204062,1.009838608468844,2.000291045428944,,1.3739,139400.0,82200.0,0.1607374392220421,0.1910603576610699,1066.0
2021-09-28,56.7,82.5,11.4,29.9,1.0079125886452458,1.0087083790154066,1.9361531548859936,,1.1136,108800.0,62400.0,0.1607374392220421,0.1910603576610699,1066.0
2021-09-29,53.2,71.8,10.6,30.0,1.0062106150191616,1.0068265049105438,1.6933200920008975,,1.3045,113500.0,65300.0,0.1607374392220421,0.1910603576610699,1066.0
2021-09-30,54.9,82.2,12.2,30.0,1.0057121090885497,1.0062752662199783,1.5237939337976134,,0.5091,125700.0,71300.0,0.1607374392220421,0.1910603576610699,1066.0
2021-10-01,58.4,77.4,12.4,29.7,1.0084420201947712,1.0092933623805762,1.100550378980404,,1.0909,140100.0,77500.0,0.1607374392220421,0.1910603576610699,1066.0
2021-10-02,52.8,89.1,9.1,29.4,1.0118465580163514,1.0130571233563812,1.8918357859223875,,0.2864,139000.0,88200.0,0.1607374392220421,0.1910603576610699,1066.0
2021-10-03,54.8,79.6,11.5,29.4,1.0109409925937067,1.0120556847097155,2.229264076847212,,1.1476,113900.0,67300.0,0.1607374392220421,0.1910603576610699,1066.0
2021-10-04,55.1,83.5,10.6,29.7,1.0103776408802176,1.0114326317079811,1.6877216391495975,,1.0952,133600.0,77700.0,0.1607374392220421,0.1910603576610699,1066.0
2021-10-05,54.9,79.1,14.1,29.5,1.009021919582712,1.0099336617232006,1.3282764603954158,,0.8,103500.0,59700.0,0.1607374392220421,0.1910603576610699,1066.0
2021-10-06,55.3,69.9,10.8,30.0,1.0071273042414357,1.0078390333855989,1.733813446484478,,1.5905,98600.0,58500.0,0.1607374392220421,0.1910603576610699,1066.0
2021-10-07,59.1,92.0,5.9,30.2,1.006985494438191,1.0076821576391553,1.688760628247469,,0.6905,118700.0,66800.0,0.1607374392220421,0.1910603576610699,1066.0
2021-10-08,59.4,89.3,4.0,30.3,1.0107418364835292,1.011834467668154,1.2801699834875493,,0.4857,146200.0,80800.0,0.1607374392220421,0.1910603576610699,1066.0
2021-10-09,54.3,86.0,2.2,30.3,1.008551226678318,1.009412686221157,1.4754138116965856,,1.2524,151400.0,95600.0,0.1607374392220421,0.1910603576610699,1066.0
2021-10-10,55.9,80.9,3.9,30.3,1.0077936355334236,1.0085750859578062,1.9461657103586067,,1.0857,162000.0,96600.0,0.1607374392220421,0.1910603576610699,1066.0
2021-10-11,52.3,77.5,3.9,30.3,1.0069179720395909,1.0076070070716725,1.988835711889928,,1.0381,137000.0,79900.0,0.1607374392220421,0.1910603576610699,1066.0
2021-10-12,53.3,84.7,5.3,30.2,1.0060089291578314,1.0066020690394657,1.7319921723566505,,1.0667,103900.0,61400.0,0.1607374392220421,0.1910603576610699,1066.0
2021-10-13,54.0,83.3,4.1,30.3,1.0045022235410062,1.0049365245824338,1.8413596162366472,,0.819,109800.0,65100.0,0.1607374392220421,0.1910603576610699,1066.0
2021-10-14,57.3,79.7,8.0,30.1,1.0048018916440788,1.00526772434046,1.3428804978679862,,1.0286,123000.0,69700.0,0.1607374392220421,0.1910603576610699,1066.0
2021-10-15,54.9,75.8,6.1,30.0,1.0083544202525745,1.0091944461066515,1.3814979381759076,,0.64,159100.0,89700.0,0.1607374392220421,0.1910603576610699,1066.0
2021-10-16,53.2,88.0,3.8,30.0,1.0063425741269685,1.0069705567438092,1.5557328882893284,,0.9316,157600.0,101200.0,0.1607374392220421,0.1910603576610699,1066.0
2021-10-17,54.3,89.8,5.5,29.9,1.0065522761062369,1.0072022589806795,1.7619135168364792,,0.7263,170400.0,101200.0,0.1607374392220421,0.1910603576610699,1066.0
2021-10-18,55.8,93.4,7.6,29.9,1.006209415313929,1.006823204780497,1.843103071797601,,0.4333,143900.0,84600.0,0.1607374392220421,0.1910603576610699,1066.0
2021-10-19,64.3,86.6,14.4,29.8,1.0059892457392428,1.006579773371894,1.5133372905061857,,0.6474,109500.0,65800.0,0.1607374392220421,0.1910603576610699,1066.0
2021-10-20,59.6,83.6,13.2,29.4,1.0060989804428568,1.0067009860218796,1.580664931635626,,0.8737,116000.0,69700.0,0.1607374392220421,0.1910603576610699,1066.0
2021-10-21,48.8,70.7,10.7,29.7,1.0076256934302348,1.008388324242874,1.3286891439447692,,0.9684,129900.0,77300.0,0.1607374392220421,0.1910603576610699,1066.0
2021-10-22,49.5,75.3,10.4,30.1,1.0100256761792334,1.0110407511200237,0.90288206866853,,0.8526,172500.0,103200.0,0.1607374392220421,0.1910603576610699,1066.0
2021-10-23,52.4,75.4,6.6,30.2,1.0096231187662978,1.0110096157164696,1.6744033414787487,,0.5684,175900.0,116800.0,0.1607374392220421,0.1910603576610699,1066.0
2021-10-24,55.1,75.1,9.3,30.0,1.008664942251548,1.0099518053627183,1.6482375087442271,,0.8,182600.0,113900.0,0.1607374392220421,0.1910603576610699,1066.0
2021-10-25,54.2,85.4,7.8,29.9,1.00849105688485,1.0096218854609738,1.023793967762226,,0.7947,153400.0,93800.0,0.1607374392220421,0.1910603576610699,1066.0
2021-10-26,55.6,87.2,9.3,30.0,1.0077151213863882,1.0084863520532328,1.2432369086580293,,0.6056,124000.0,77300.0,0.1607374392220421,0.1910603576610699,1066.0
2021-10-27,59.7,77.2,14.2,30.0,1.0068274027345487,1.0075051804014716,0.8555784127456311,,0.5211,139800.0,87300.0,0.1607374392220421,0.1910603576610699,1066.0
2021-10-28,56.8,80.7,11.8,29.7,1.0085496388578243,1.0094083649235146,1.2551843449940132,,0.3105,158300.0,98600.0,0.1607374392220421,0.1910603576610699,1066.0
2021-10-29,55.6,80.1,13.4,29.4,1.0111399047210912,1.0122707052937066,0.8773096961185206,,0.3842,201000.0,129900.0,0.1607374392220421,0.1910603576610699,1066.0
2021-10-30,52.2,83.3,10.0,29.4,1.0092632215686903,1.0101965868063874,1.021275783760647,,0.5889,195700.0,139800.0,0.1607374392220421,0.1910603576610699,1066.0
2021-10-31,53.1,78.4,14.9,29.2,1.008726753371322,1.0096035862843529,1.165118060875486,,0.5294,199600.0,126100.0,0.1607374392220421,0.1910603576610699,1066.0
2021-11-01,50.2,72.2,12.6,29.3,1.0081101742164502,1.0089220881477998,1.060947449955809,,0.5471,152000.0,83800.0,0.1607374392220421,0.1910603576610699,1066.0
2021-11-02,44.3,82.9,3.2,29.4,1.0067604343304517,1.0074304550989803,1.0047712576232075,,0.5353,111100.0,54900.0,0.1607374392220421,0.1910603576610699,1066.0
2021-11-03,42.9,88.5,4.2,29.6,1.0063911056669603,1.0072509467454105,0.9230922634849666,,0.3765,108300.0,54300.0,0.1607374392220421,0.1910603576610699,1066.0
2021-11-04,45.4,77.7,7.8,29.9,1.008249670892151,1.0092622721196494,0.7590875313339404,,0.175,117000.0,58700.0,0.1607374392220421,0.1910603576610699,1066.0
2021-11-05,42.5,82.7,5.8,30.2,1.0113929814196967,1.012755407167722,0.8760925548091368,,,145100.0,69800.0,0.1607374392220421,0.1910603576610699,1066.0
2021-11-06,51.9,80.4,12.5,30.2,1.0097294394186862,1.0109322473488596,0.9920139679031796,,,120000.0,64500.0,0.1607374392220421,0.1910603576610699,1066.0
2021-11-07,50.5,69.6,9.5,30.1,1.0099809490630356,1.011273684226949,1.2958468577930755,,,149600.0,80500.0,0.1607374392220421,0.1910603576610699,1066.0
2021-11-08,46.9,85.8,5.4,30.1,1.0094860704352644,1.010737430840251,1.3113369509313058,,,123700.0,66400.0,0.1607374392220421,0.1910603576610699,1066.0
2021-11-09,55.1,81.3,8.3,30.1,1.008543008026003,1.0097108535678538,1.4060643300159965,,,89000.0,45200.0,0.1607374392220421,0.1910603576610699,1066.0
2021-11-10,53.2,94.2,5.9,30.1,1.0076547771546958,1.0087009195542973,1.2733802383836588,,0.05,92600.0,45100.0,0.1607374392220421,0.1910603576610699,1066.0
2021-11-11,52.2,90.0,5.5,30.1,1.009562940892825,1.010525602744796,0.894187284714262,,0.2167,112100.0,55600.0,0.1607374392220421,0.1910603576610699,1066.0
2021-11-12,52.7,88.5,11.2,29.8,1.013026232663358,1.0145833935910908,1.2014425938568782,,0.3563,134900.0,64900.0,0.1607374392220421,0.1910603576610699,1066.0
2021-11-13,53.6,78.8,7.2,29.9,1.012317331464217,1.013835637596406,1.2990302560711036,,0.2941,111500.0,61200.0,0.1607374392220421,0.1910603576610699,1066.0
2021-11-14,52.9,83.3,5.7,30.1,1.012083284277577,1.0136626034109737,1.6488510640316774,,0.2529,148800.0,82600.0,0.1607374392220421,0.1910603576610699,1066.0
2021-11-15,50.5,83.1,2.5,30.2,1.0111436465733852,1.0125508020369416,1.311908299745829,,0.3353,123100.0,67600.0,0.1607374392220421,0.1910603576610699,1066.0
2021-11-16,45.5,86.6,4.4,30.1,1.0102459811988382,1.0115549753752155,1.3540655174953533,,0.34,93300.0,49300.0,0.1607374392220421,0.1910603576610699,1066.0
2021-11-17,47.5,83.7,6.3,30.1,1.008717727678007,1.00959049836676,1.320262877842199,,0.5,88800.0,44300.0,0.1607374392220421,0.1910603576610699,1066.0
2021-11-18,49.4,86.2,8.0,30.3,1.0104840729169169,1.0115415999532205,1.5507884327114456,,0.36,109600.0,55600.0,0.1607374392220421,0.1910603576610699,1066.0
2021-11-19,52.5,87.3,5.5,30.3,1.0145012535474056,1.0159789655951486,1.7019638192778586,,0.16,137000.0,63100.0,0.1607374392220421,0.1910603576610699,1066.0
2021-11-20,50.1,85.0,6.4,30.1,1.0126831639257496,1.0139702818058418,1.2021528914658912,,0.16,112600.0,60500.0,0.1607374392220421,0.1910603576610699,1066.0
2021-11-21,44.1,76.8,8.1,30.0,1.012057337134202,1.0132786973896175,1.9434065433062824,,0.32,146500.0,83100.0,0.1607374392220421,0.1910603576610699,1066.0
2021-11-22,41.9,81.5,6.5,30.3,1.0103641880050431,1.0114082112343314,1.3918693404827087,,0.3933,124700.0,68300.0,0.1607374392220421,0.1910603576610699,1066.0
2021-11-23,40.6,87.4,1.9,30.4,1.009162801329445,1.010081003476643,1.8182357400952127,,0.4,89700.0,44700.0,0.1607374392220421,0.1910603576610699,1066.0
2021-11-24,41.4,88.2,3.2,30.1,1.007015583213642,1.007709128450315,1.520000106924039,,0.12,88700.0,42400.0,0.1607374392220421,0.1910603576610699,1066.0
2021-11-25,40.8,77.0,5.4,29.9,1.0073522940660342,1.00808095241645,1.299522963211865,,0.36,110200.0,53300.0,0.1607374392220421,0.1910603576610699,1066.0
2021-11-26,41.3,78.4,11.6,29.3,1.010547961755243,1.011610555219726,1.2163180153507844,,0.26,137500.0,62400.0,0.1607374392220421,0.1910603576610699,1066.0
2021-11-27,38.6,79.9,13.6,29.3,1.008655357037672,1.0095199629925071,1.650500996408239,,0.1867,113100.0,60400.0,0.1607374392220421,0.1910603576610699,1066.0
2021-11-28,34.9,68.6,8.0,29.6,1.0089602866018537,1.0098566212381708,1.5582030362317707,64.30696426545653,0.3467,143400.0,81800.0,0.1607374392220421,0.1910603576610699,1066.0
2021-11-29,33.7,87.3,6.9,29.9,1.0080501763233662,1.0088512815947135,1.732198863929013,35.2595170058797,0.3133,130800.0,74800.0,0.1607374392220421,0.1910603576610699,1066.0
2021-11-30,49.9,83.3,13.5,29.8,1.00814758260005,1.0089587482759603,1.648810167632646,1.0033314259602644,0.22,84500.0,46600.0,0.1607374392220421,0.1910603576610699,1066.0
2021-12-01,46.9,77.7,12.8,29.4,1.006248034362765,1.0068606684457222,1.3495608146175258,1.0025472114346057,0.3,79300.0,41600.0,0.1607374392220421,0.1910603576610699,1066.0
2021-12-02,36.5,73.9,7.8,29.8,1.006187759758471,1.006794029845472,1.243919119061308,1.002522462741418,0.34,92200.0,48900.0,0.1607374392220421,0.1910603576610699,1066.0
2021-12-03,42.8,88.8,6.1,29.6,1.0090256142984786,1.0099281739419796,1.13797407687081,1.0036946997198577,0.2071,109200.0,52900.0,0.1607374392220421,0.1910603576610699,1066.0
2021-12-04,43.3,81.1,11.3,29.4,1.0071987802467564,1.0079104532448506,1.1554179105932354,1.002940409826471,0.2857,99600.0,53700.0,0.1607374392220421,0.1910603576610699,1066.0
2021-12-05,42.3,83.5,10.8,29.6,1.006550233774291,1.0071941056167584,1.5413659101399262,1.0026727005168112,0.15,119900.0,70500.0,0.1607374392220421,0.1910603576610699,1066.0
2021-12-06,39.6,89.1,8.3,29.7,1.0060800906432956,1.006674807696617,1.5747091300481353,23.367865171795728,0.1429,103100.0,62900.0,0.1607374392220421,0.1910603576610699,1066.0
2021-12-07,40.9,84.7,10.7,29.4,1.0049893059263313,1.0054700959259055,1.6687712511176622,18.22366395688065,0.0846,67300.0,36900.0,0.1607374392220421,0.1910603576610699,1066.0
2021-12-08,43.9,69.2,15.2,29.2,1.0041985041302433,1.0045967066627972,1.6004458608874228,1.0017015501744084,0.1786,71600.0,39800.0,0.1607374392220421,0.1910603576610699,1066.0
2021-12-09,43.5,76.1,9.5,29.4,1.0051491018311522,1.0056464915340322,1.6205325159246595,1.002094343520544,0.2571,75500.0,41800.0,0.1607374392220421,0.1910603576610699,1066.0
2021-12-10,43.1,76.8,11.6,29.4,1.0084938401547086,1.0093402313768447,1.4258402610061025,1.0034764010048662,0.2643,91400.0,49800.0,0.1607374392220421,0.1910603576610699,1066.0
2021-12-11,41.9,87.5,7.5,29.9,1.0080278932764093,1.008825544476606,1.7995777225974403,16.70959764988978,0.1857,82700.0,49000.0,0.1607374392220421,0.1910603576610699,1066.0
2021-12-12,53.5,89.7,10.1,30.0,1.0083557328931698,1.0091874748351777,2.72835042460366,19.47616948200556,0.2571,96600.0,57600.0,0.1607374392220421,0.1910603576610699,1066.0
2021-12-13,50.8,89.3,9.3,30.1,1.0077464018570577,1.0085144651236464,3.135593024671751,1.0031682675396834,0.25,84500.0,52000.0,0.1607374392220421,0.1910603576610699,1066.0
2021-12-14,51.8,88.6,7.8,30.2,1.0070450397965252,1.007739849657935,3.7447881506988137,1.0028786114131971,0.15,69300.0,39100.0,0.1607374392220421,0.1910603576610699,1066.0
2021-12-15,53.6,79.5,8.6,30.3,1.005994587476456,1.0065797618505534,3.154148209191009,1.0024446191071783,0.1214,73800.0,41800.0,0.1607374392220421,0.1910603576610699,1066.0
2021-12-16,52.5,71.7,2.6,30.6,1.006762189473558,1.0074273487207357,2.846522159706078,1.0027620250647862,0.1071,79800.0,44900.0,0.1607374392220421,0.1910603576610699,1066.0
2021-12-17,47.9,82.3,6.6,30.6,1.0098701416677185,1.0108592643590135,2.900494521781713,1.0040469382991983,0.1857,98700.0,53200.0,0.1607374392220421,0.1910603576610699,1066.0
2021-12-18,46.4,91.6,7.9,30.6,1.0088290041577122,1.0097094325653866,2.553623431691247,1.0036168597033923,0.1214,104900.0,58400.0,0.1607374392220421,0.1910603576610699,1066.0
2021-12-19,40.9,96.5,3.8,30.5,1.0092691128949522,1.0101952817549908,3.153511880143954,1.0037990973755924,0.1929,112100.0,61900.0,0.1607374392220421,0.1910603576610699,1066.0
2021-12-20,43.5,81.2,5.6,30.3,1.0086107024747102,1.009468112911858,3.800563812629954,1.0035271613291052,0.1,87900.0,49100.0,0.1607374392220421,0.1910603576610699,1066.0
2021-12-21,40.2,77.3,4.7,30.2,1.0076118564180312,1.0083650627674678,3.1084534115836013,1.003114394929217,0.1857,86400.0,45400.0,0.1607374392220421,0.1910603576610699,1066.0
2021-12-22,35.1,84.7,5.5,30.0,1.0067040594628194,1.0073625852561563,3.120335567831106,1.0027392015668908,0.15,94900.0,46200.0,0.1607374392220421,0.1910603576610699,1066.0
2021-12-23,46.0,91.0,8.1,29.7,1.0074106810542307,1.0081427487900825,2.703065866765904,1.003031578927276,0.1143,106500.0,49900.0,0.1607374392220421,0.1910603576610699,1066.0
2021-12-24,47.4,93.3,5.3,29.6,1.0104620406743128,1.0115118529296558,0.8290120119617128,1.0042937693274034,0.1214,79900.0,33800.0,0.1607374392220421,0.1910603576610699,1066.0
2021-12-25,45.1,93.7,10.6,29.5,1.0093514554903196,1.0102854295387087,1.5001910613409164,67.70930691759038,0.0786,30800.0,10100.0,0.1607374392220421,0.1910603576610699,1066.0
2021-12-26,45.3,96.7,6.4,29.4,1.0094240912832542,1.0103654852531416,3.0560095392986906,44.96311449402482,0.1429,105600.0,47600.0,0.1607374392220421,0.1910603576610699,1066.0
2021-12-27,48.4,95.4,7.6,29.2,1.0083521426228883,1.0091817869067632,2.431921039049634,25.833649736015296,0.1429,143000.0,68500.0,0.1607374392220421,0.1910603576610699,1066.0
2021-12-28,50.3,84.3,13.5,29.2,1.0074171033252866,1.0081492934809215,3.366423636983418,23.693765340511312,0.1786,147700.0,68600.0,0.1607374392220421,0.1910603576610699,1066.0
2021-12-29,51.7,88.2,10.9,29.6,1.006318568571328,1.0069363182070197,2.729910610142752,16.668660905617163,0.15,139000.0,64700.0,0.1607374392220421,0.1910603576610699,1066.0
2021-12-30,57.0,87.6,16.3,29.8,1.0076738152847065,1.008432560149,1.5775332374463955,10.516515101839058,0.1214,126400.0,59800.0,0.1607374392220421,0.1910603576610699,1066.0
2021-12-31,56.1,84.7,13.2,29.9,1.0112808495207497,1.0124148598951583,0.4890145769229068,15.417316420696132,0.2714,106000.0,51400.0,0.1607374392220421,0.1910603576610699,1066.0
2022-01-01,55.7,84.9,11.0,29.9,1.0114714772957345,1.012625115571154,1.1129806916961569,24.233362065175854,0.1333,115500.0,55800.0,0.1607374392220421,0.1910603576610699,1066.0
2022-01-02,52.8,84.2,13.9,29.8,1.0109921072463757,1.0120956701178656,1.668618012475339,25.175073062306232,0.1571,167500.0,87700.0,0.1607374392220421,0.1910603576610699,1066.0
2022-01-03,49.7,81.2,12.2,29.7,1.010165211109752,1.011182579559508,2.070400232901725,25.86102286494804,0.1857,158800.0,77600.0,0.1607374392220421,0.1910603576610699,1066.0
2022-01-04,41.2,84.8,8.3,29.5,1.008496026844106,1.0093396472559686,1.2368669458248345,19.119814451025324,0.1643,135300.0,63200.0,0.1607374392220421,0.1910603576610699,1066.0
2022-01-05,37.5,77.7,9.2,29.8,1.00678290862037,1.0074482760504613,0.9177597702713108,16.497903314331918,0.2929,117100.0,52500.0,0.1607374392220421,0.1910603576610699,1066.0
2022-01-06,36.6,87.1,8.1,29.9,1.0077066473476235,1.0084679893201338,0.1541641772874903,10.495974587432706,0.15,108600.0,47700.0,0.1607374392220421,0.1910603576610699,1066.0
2022-01-07,39.1,82.0,13.3,29.8,1.0116045438274346,1.0127710030532258,-0.1682668356130578,11.836811645347044,0.1643,127500.0,53300.0,0.1607374392220421,0.1910603576610699,1066.0
2022-01-08,43.0,88.3,11.0,29.5,1.011066117542397,1.0121764059681726,-0.2442588254971869,12.244035625885884,0.1,130600.0,56500.0,0.1607374392220421,0.1910603576610699,1066.0
2022-01-09,40.3,79.7,8.1,29.5,1.0114482609148985,1.0125980693062695,-0.0130726301046475,15.854589185668864,0.3,150000.0,62400.0,0.1607374392220421,0.1910603576610699,1066.0
2022-01-10,41.9,92.3,4.0,30.0,1.0109378048265731,1.0120343747013114,-0.3344292213293742,13.00306191861015,0.1357,83500.0,36300.0,0.1607374392220421,0.1910603576610699,1066.0
2022-01-11,48.5,94.3,5.8,30.3,1.010030814281868,1.011032978502803,-0.2701118097218165,13.390962997062626,0.1643,63500.0,27600.0,0.1607374392220421,0.1910603576610699,1066.0
2022-01-12,40.7,89.1,2.3,30.6,1.0094835602628958,1.0104287267889875,-0.6163641168748433,10.183465233080584,0.3533,62300.0,27300.0,0.1607374392220421,0.1910603576610699,1066.0
2022-01-13,37.9,87.7,2.3,30.6,1.0100628433346066,1.0110680342326532,-0.5414896114561119,10.766021308741708,0.36,68500.0,31600.0,0.1607374392220421,0.1910603576610699,1066.0
2022-01-14,37.5,86.8,1.6,30.5,1.018035154254252,1.0198679324121482,-0.6964050133715516,8.105642281950777,0.3533,83100.0,36800.0,0.1607374392220421,0.1910603576610699,1066.0
2022-01-15,37.9,92.9,3.9,30.2,1.0211527384026675,1.0233085754820124,-0.387288574287965,11.153603422547572,0.2143,88900.0,44200.0,0.1607374392220421,0.1910603576610699,1066.0
2022-01-16,43.0,90.1,4.5,30.2,1.023482046164926,1.0258788606737814,-0.1180788797958733,13.208835988340889,0.3,101100.0,50400.0,0.1607374392220421,0.1910603576610699,1066.0
2022-01-17,39.0,85.6,4.1,30.5,1.0218323322197924,1.024057238914437,-0.2948809875725608,9.79806537014382,0.38,70700.0,32900.0,0.1607374392220421,0.1910603576610699,1066.0
2022-01-18,36.1,93.5,2.9,30.5,1.0189726902981435,1.0209004008879043,-0.2417432913117492,8.752913195263002,0.2533,54800.0,25900.0,0.1607374392220421,0.1910603576610699,1066.0
2022-01-19,43.1,82.0,7.3,30.3,1.0177506381982473,1.0195511440184144,-0.2701386602155506,7.106994141776502,0.2333,51900.0,23900.0,0.1607374392220421,0.1910603576610699,1066.0
2022-01-20,37.5,74.1,4.8,30.5,1.0174703211156444,1.019241318432024,-0.2588646172365219,5.968840844792901,0.42,65600.0,32500.0,0.1607374392220421,0.1910603576610699,1066.0
2022-01-21,35.2,79.7,6.4,30.6,1.0265697191509986,1.0292829665760987,-0.1559090587263301,4.753108784190173,0.22,79900.0,37000.0,0.1607374392220421,0.1910603576610699,1066.0
2022-01-22,40.8,80.4,4.6,30.5,1.0293944661795822,1.0323991960414471,0.0597896465087255,6.256706770756082,0.2067,86800.0,49000.0,0.1607374392220421,0.1910603576610699,1066.0
2022-01-23,41.9,77.9,3.4,30.5,1.0304754838602337,1.0335908828175473,0.1991360523090481,7.950923514378899,0.12,104400.0,57900.0,0.1607374392220421,0.1910603576610699,1066.0
2022-01-24,39.4,80.3,3.7,30.4,1.0296280548169023,1.0326544935455857,0.2168105521822355,6.814316657083856,0.12,73900.0,38400.0,0.1607374392220421,0.1910603576610699,1066.0
2022-01-25,36.4,84.5,4.5,30.4,1.024915796444701,1.0274536741208034,0.2664750957566529,3.7854065926005136,0.1067,53900.0,26200.0,0.1607374392220421,0.1910603576610699,1066.0
2022-01-26,41.1,77.2,6.9,30.4,1.0118936574713542,1.0130840238846586,0.3296863618928284,3.233085558496282,0.3467,55800.0,27200.0,0.1607374392220421,0.1910603576610699,1066.0
2022-01-27,47.1,78.7,9.8,30.3,1.020389548570416,1.0224582323878617,0.3837556025307511,2.3921943482283043,0.2563,70100.0,35800.0,0.1607374392220421,0.1910603576610699,1066.0
2022-01-28,41.8,85.3,7.0,30.4,1.0324618584701355,1.0357776505484522,0.4377953955539495,0.8426851940990683,0.4563,87600.0,42100.0,0.1607374392220421,0.1910603576610699,1066.0
2022-01-29,50.9,77.5,15.0,30.3,1.0349102762821458,1.038477570882287,0.5699422597246413,2.220493937932874,0.4235,104600.0,64700.0,0.1607374392220421,0.1910603576610699,1066.0
2022-01-30,40.9,77.0,7.5,30.3,1.04668712812268,1.0514685077653985,0.6326616246350855,3.0197959510122185,0.4471,115300.0,68500.0,0.1607374392220421,0.1910603576610699,1066.0
2022-02-01,51.0,76.7,14.3,30.1,1.0292304320675458,1.032206587423559,0.7584143453816319,0.1422902918506879,0.6,71300.0,34300.0,0.1607374392220421,0.1910603576610699,1066.0
2022-02-02,49.7,81.5,9.7,30.1,1.0174969711658612,1.0192620311550695,0.7609947183954523,0.1120211267652542,0.4294,69500.0,33700.0,0.1607374392220421,0.1910603576610699,1066.0
2022-02-03,48.1,77.0,10.2,29.9,1.027561071775567,1.0303634397487995,0.8720210272446465,-0.9270703090371126,0.3059,83200.0,41800.0,0.1607374392220421,0.1910603576610699,1066.0
2022-02-04,44.7,75.5,13.2,29.8,1.0361394707854787,1.039824934527695,0.9128852897963468,-2.394361448156367,0.4353,102200.0,47400.0,0.1607374392220421,0.1910603576610699,1066.0
2022-02-05,44.0,75.1,15.3,30.0,1.0433375200459154,1.047762753505294,0.9529557843738612,-1.5593038136194952,0.4688,119600.0,73200.0,0.1607374392220421,0.1910603576610699,1066.0
2022-02-06,48.7,73.6,21.0,29.7,1.0322099661906656,1.0354874723245366,0.9852220958690324,-0.1465680071016077,0.4313,134600.0,78000.0,0.1607374392220421,0.1910603576610699,1066.0
2022-02-07,44.2,77.3,11.0,30.2,1.02486208592218,1.027382077281232,1.042028564699584,-0.0093554406976315,0.4294,100000.0,53600.0,0.1607374392220421,0.1910603576610699,1066.0
2022-02-08,52.3,71.8,13.8,30.2,1.0157409766313328,1.0173215165263445,1.0231579229982328,-1.0390907303359531,0.3,76900.0,39700.0,0.1607374392220421,0.1910603576610699,1066.0
2022-02-09,50.5,81.5,9.7,30.1,1.0113082230979544,1.0124322737879865,1.037685910170162,-1.026970754906532,0.425,72600.0,38000.0,0.1607374392220421,0.1910603576610699,1066.0
2022-02-10,42.9,77.7,9.0,30.1,1.0112672340735362,1.0123869215849908,1.03357278955729,-1.923216010776421,0.4353,96000.0,50500.0,0.1607374392220421,0.1910603576610699,1066.0
2022-02-11,39.4,75.8,6.2,30.4,1.0170786005937478,1.0187960769422653,1.0413638987708251,-2.08435846000406,0.5882,130500.0,59800.0,0.1607374392220421,0.1910603576610699,1066.0
2022-02-12,41.8,74.1,11.3,30.1,1.0141136139802027,1.0155257612287298,1.0373970940411692,-1.4709894627841582,0.5059,144400.0,84800.0,0.1607374392220421,0.1910603576610699,1066.0
2022-02-13,46.7,86.3,15.7,29.5,1.0123826706473078,1.0136165555662646,1.0341352922600453,-1.4757298620057158,0.5765,155700.0,89400.0,0.1607374392220421,0.1910603576610699,1066.0
2022-02-14,45.4,83.2,12.8,29.4,1.011051107289998,1.0121478749787391,1.0169209096705485,0.5571823133812945,0.2053,132900.0,76300.0,0.1607374392220421,0.1910603576610699,1066.0
2022-02-15,44.6,87.2,11.5,29.6,1.0090240817836078,1.0099122586882905,1.0138372186848332,-0.9382042329008896,0.5474,111100.0,63200.0,0.1607374392220421,0.1910603576610699,1066.0
2022-02-16,54.7,84.6,21.1,29.3,1.0075667263304569,1.008304950705572,1.0116202750470626,-0.7658520848170214,0.2789,109700.0,61000.0,0.1607374392220421,0.1910603576610699,1066.0
2022-02-17,49.6,64.5,18.8,29.7,1.0107850853462592,1.0118541657757438,1.0165140339575487,-0.2456559255903303,0.2105,140800.0,81400.0,0.1607374392220421,0.1910603576610699,1066.0
2022-02-18,46.7,72.3,24.9,29.4,1.0156761375422458,1.0172478982410684,1.0239503204268947,0.0335393530853435,0.4,152700.0,85600.0,0.1607374392220421,0.1910603576610699,1066.0
2022-02-19,43.1,75.7,16.7,29.7,1.013594008179694,1.0149514980624823,1.0207827341442808,0.3111282426148113,0.3105,198000.0,133900.0,0.1607374392220421,0.1910603576610699,1066.0
2022-02-20,50.3,80.8,21.7,29.6,1.012645018411865,1.0139047813250968,1.0193385495540088,1.1156264150947943,0.6263,190600.0,120800.0,0.1607374392220421,0.1910603576610699,1066.0
2022-02-21,46.3,62.8,20.7,29.7,1.0109745449328855,1.0120624798560969,1.016797778941527,1.2610391783415178,0.4789,155200.0,86400.0,0.1607374392220421,0.1910603576610699,1066.0
2022-02-22,48.7,72.5,12.2,30.0,1.008770499468454,1.0096318367256916,1.0134462504852035,0.7475379418407524,0.2278,130900.0,70100.0,0.1607374392220421,0.1910603576610699,1066.0
2022-02-23,44.3,79.3,11.8,30.1,1.007551330067262,1.0082873211109535,1.0115923253098351,0.6715004166020877,1.2063,124300.0,64200.0,0.1607374392220421,0.1910603576610699,1066.0
2022-02-24,43.5,73.1,15.5,29.8,1.011103560472582,1.0122044314624108,1.0169916756674773,0.3006946200910786,0.9211,149900.0,82500.0,0.1607374392220421,0.1910603576610699,1066.0
2022-02-25,43.2,65.7,10.5,30.2,1.014059323872034,1.0154636714788658,1.021483460804158,1.1340465270087003,0.6737,190400.0,98300.0,0.1607374392220421,0.1910603576610699,1066.0
2022-02-26,40.9,72.8,7.3,30.3,1.012547565254151,1.0137964469630536,1.0191843478445597,1.2072578692855092,1.0789,180800.0,119500.0,0.1607374392220421,0.1910603576610699,1066.0
2022-02-27,42.2,65.8,10.4,30.2,1.0113435274792988,1.012468601950623,1.0173533159893555,2.1089924296237417,1.0368,200800.0,126100.0,0.1607374392220421,0.1910603576610699,1066.0
2022-02-28,47.6,80.8,8.9,30.1,1.0090732948486352,1.00996512357338,1.0139022340444517,3.4865013428194747,0.825,163200.0,92500.0,0.1607374392220421,0.1910603576610699,1066.0
2022-03-01,46.4,93.6,7.8,30.2,1.0079187755584536,1.0086919776811991,1.012147126320426,3.365338551533501,0.8,130100.0,66500.0,0.1607374392220421,0.1910603576610699,1066.0
2022-03-02,44.7,89.6,8.3,30.1,1.0061856422976392,1.0067808374337976,1.009512908305008,3.178908195030697,0.6143,115200.0,56800.0,0.1607374392220421,0.1910603576610699,1066.0
2022-03-03,47.1,85.5,6.7,29.9,1.0084446712997492,1.0092717488787435,1.0129454796840185,2.1096281641673325,0.3714,139000.0,69800.0,0.1607374392220421,0.1910603576610699,1066.0
2022-03-04,45.5,89.0,5.4,30.0,1.0103180141267758,1.0113373199267612,1.015791553890449,1.8264003751165887,0.2952,161900.0,75400.0,0.1607374392220421,0.1910603576610699,1066.0
2022-03-05,43.3,80.5,8.9,30.1,1.008691881462144,1.009544171853355,1.013319980070295,2.3757028496252137,0.5857,162300.0,95700.0,0.1607374392220421,0.1910603576610699,1066.0
2022-03-06,41.5,66.3,10.3,30.3,1.007904481479207,1.008675881308981,1.012123071474628,4.105673913889765,0.7476,184300.0,110600.0,0.1607374392220421,0.1910603576610699,1066.0
2022-03-07,40.1,69.5,10.7,30.1,1.0067158590692722,1.0073652099151984,1.0103166895778448,6.052116624096899,0.8476,157400.0,88700.0,0.1607374392220421,0.1910603576610699,1066.0
2022-03-08,42.7,64.5,10.7,29.9,1.0052854964285267,1.00578801262174,1.0081431825943938,3.771240728261703,0.8524,128400.0,67400.0,0.1607374392220421,0.1910603576610699,1066.0
2022-03-09,49.9,74.6,11.5,29.9,1.0034998996002835,1.0038191466634223,1.0054301045765217,4.544731038402396,1.2143,122100.0,61800.0,0.1607374392220421,0.1910603576610699,1066.0
2022-03-10,52.7,70.7,9.4,29.9,1.0046964506345206,1.005138474624257,1.0072479353384032,3.329312713968961,0.2476,151700.0,77000.0,0.1607374392220421,0.1910603576610699,1066.0
2022-03-11,50.5,79.8,12.7,29.6,1.007219267882697,1.0079201377405826,1.0110805385353987,5.175863401991567,0.8429,178800.0,84000.0,0.1607374392220421,0.1910603576610699,1066.0
2022-03-12,49.2,74.8,13.7,29.7,1.0058906757612738,1.0064551774657178,1.009061810655176,5.464192110392872,0.7045,177100.0,108200.0,0.1607374392220421,0.1910603576610699,1066.0
2022-03-13,48.9,81.1,12.1,29.6,1.0052412719392103,1.0057391117075651,1.0080750300258372,6.02138180872884,0.8045,197700.0,121300.0,0.1607374392220421,0.1910603576610699,1066.0
2022-03-14,46.5,82.5,5.6,30.1,1.0036632827550376,1.0039992013699657,1.0056776722637466,5.906897215615857,0.5455,163500.0,92000.0,0.1607374392220421,0.1910603576610699,1066.0
2022-03-15,50.0,76.2,5.6,30.1,1.0029202575584293,1.0031799332829938,1.0045488369140807,3.584100890127203,0.7652,136100.0,72000.0,0.1607374392220421,0.1910603576610699,1066.0
2022-03-16,48.5,89.7,7.2,30.0,1.0019801578896217,1.0021433780134186,1.0031206630666167,4.192485324168684,0.9087,129700.0,65900.0,0.1607374392220421,0.1910603576610699,1066.0
2022-03-17,46.4,70.8,9.0,30.4,1.0023927081130997,1.002598248688908,1.0037473437814823,3.5479490565294367,0.6174,157200.0,80900.0,0.1607374392220421,0.1910603576610699,1066.0
2022-03-18,48.5,75.8,6.9,30.7,1.0037217004842829,1.004063573407573,1.0057661441776928,1.5849744892924398,0.5435,180600.0,87500.0,0.1607374392220421,0.1910603576610699,1066.0
2022-03-19,49.8,63.9,14.0,30.5,1.0036824404049969,1.0040202725723704,1.005706413466294,2.144557939841608,1.0043,180600.0,108700.0,0.1607374392220421,0.1910603576610699,1066.0
2022-03-20,46.2,59.0,6.9,30.3,1.00350778354122,1.0038276865338198,1.0054410159500315,4.846715406800429,0.6391,199400.0,121800.0,0.1607374392220421,0.1910603576610699,1066.0
2022-03-21,47.8,62.4,5.1,30.3,1.0028774502421285,1.0031326841645802,1.0044834589482898,3.0714532469863194,1.1304,170900.0,96600.0,0.1607374392220421,0.1910603576610699,1066.0
2022-03-22,55.6,58.6,7.0,30.3,1.001666774734458,1.0017978153372151,1.0026443991380694,2.4229918289348618,1.4652,138000.0,73800.0,0.1607374392220421,0.1910603576610699,1066.0
2022-03-23,54.5,56.2,3.9,30.3,1.001772536431396,1.0019144229978891,1.002805032229236,2.7501029380093125,1.1522,135600.0,68700.0,0.1607374392220421,0.1910603576610699,1066.0
2022-03-24,53.0,52.2,2.4,30.3,1.0019269949159844,1.0020847218643938,1.0030396306191445,0.782374454314372,0.7458,161100.0,83000.0,0.1607374392220421,0.1910603576610699,1066.0
2022-03-25,51.9,55.9,5.3,30.4,1.002987914926117,1.0032544568537558,1.0046510939638391,0.870482037158572,1.0667,185900.0,90900.0,0.1607374392220421,0.1910603576610699,1066.0
2022-03-26,52.7,58.0,7.6,30.4,1.0023173485307997,1.002515104318846,1.003632491895413,0.6035888670919165,0.6042,183900.0,111300.0,0.1607374392220421,0.1910603576610699,1066.0
2022-03-27,49.0,73.5,7.0,30.4,1.0019432570099855,1.0021026389632537,1.0030642414572544,3.3359580557077626,1.1458,225600.0,133600.0,0.1607374392220421,0.1910603576610699,1066.0
2022-03-28,49.6,80.0,4.0,30.1,1.000990324396567,1.0010519655198615,1.0016167912108604,0.4762411042059321,0.6292,199100.0,114000.0,0.1607374392220421,0.1910603576610699,1066.0
2022-03-29,48.7,78.9,7.6,29.8,1.000977873779851,1.001038237078656,1.0015978739752185,1.3883214873764118,1.5125,169200.0,94800.0,0.1607374392220421,0.1910603576610699,1066.0
2022-03-30,45.2,82.2,7.3,29.6,1.000736384332778,1.0007719786468483,1.001512014289574,0.4323843524414579,1.6625,162900.0,89200.0,0.1607374392220421,0.1910603576610699,1066.0
2022-03-31,38.7,67.5,10.8,29.7,1.001591977760824,1.0017153238398564,1.0025306246383088,-0.5453128057162626,0.8542,194900.0,106500.0,0.1607374392220421,0.1910603576610699,1066.0
2022-04-01,39.6,64.5,10.1,29.9,1.002840709692742,1.003092122634902,1.0044272787099284,-1.6209443940592607,1.0375,205700.0,100600.0,0.1607374392220421,0.1910603576610699,1066.0
2022-04-02,39.6,68.4,5.4,30.1,1.0030020946784777,1.0032700509004011,1.0048277055013486,-1.6379702193352634,1.576,189600.0,112100.0,0.1607374392220421,0.1910603576610699,1066.0
2022-04-03,41.0,61.2,6.0,30.2,1.0028786299658978,1.0031339161081725,1.0047141097534389,-0.2142833823875098,0.796,226300.0,136700.0,0.1607374392220421,0.1910603576610699,1066.0
2022-04-04,49.7,79.5,14.0,29.8,1.0024609686670167,1.0026734158495618,1.0038503525809674,-0.3720267938912296,1.808,207000.0,120000.0,0.1607374392220421,0.1910603576610699,1066.0
2022-04-05,53.5,71.4,14.1,29.7,1.0027744357960555,1.003019022705464,1.0043264048751952,-1.2713824387363355,0.6667,181400.0,104400.0,0.1607374392220421,0.1910603576610699,1066.0
2022-04-06,51.6,76.3,18.1,29.4,1.0024899748640683,1.0027053845082403,1.003894322996664,-0.0183848102878421,1.3095,191100.0,107200.0,0.1607374392220421,0.1910603576610699,1066.0
2022-04-07,49.2,60.8,22.9,29.1,1.0036013011303495,1.003930662496557,1.0055821111542245,-1.390734723036512,0.9423,266300.0,148500.0,0.1607374392220421,0.1910603576610699,1066.0
2022-04-08,44.5,63.3,5.6,29.5,1.0056251372366678,1.0061620009995034,1.0086556370107649,-1.5971468629044592,1.1423,257800.0,141100.0,0.1607374392220421,0.1910603576610699,1066.0
2022-04-09,44.9,61.1,7.1,29.9,1.0055986438974864,1.006132761055429,1.008615191830703,-1.6620488344255928,1.4269,260000.0,159600.0,0.1607374392220421,0.1910603576610699,1066.0
2022-04-10,46.3,57.1,5.8,30.0,1.0061378761415802,1.0067272465147412,1.0094338683494557,-0.1451721210450416,0.5308,267200.0,166100.0,0.1607374392220421,0.1910603576610699,1066.0
2022-04-11,52.9,56.0,11.8,29.7,1.0059044030972384,1.006469802829169,1.0090790728392591,0.1352344777413529,1.0615,258600.0,148600.0,0.1607374392220421,0.1910603576610699,1066.0
2022-04-12,56.0,74.1,8.7,29.6,1.0056700773431746,1.006211423040435,1.0087230104465448,0.6196091623366562,1.1423,248000.0,138300.0,0.1607374392220421,0.1910603576610699,1066.0
2022-04-13,56.9,74.3,8.2,29.9,1.0050902912740167,1.0055721749986797,1.0078423926082638,-0.032971515338362,1.0308,254100.0,133000.0,0.1607374392220421,0.1910603576610699,1066.0
2022-04-14,56.2,72.1,5.1,30.1,1.0067026573108149,1.0073497841185388,1.0102905354994514,-0.3672888389377176,1.3077,270100.0,142400.0,0.1607374392220421,0.1910603576610699,1066.0
2022-04-15,59.3,64.5,4.3,30.2,1.0089069609007713,1.0097799640213323,1.0136372307654022,-0.5483718155927493,1.3692,274700.0,149400.0,0.1607374392220421,0.1910603576610699,1066.0
2022-04-16,56.2,68.9,7.3,30.3,1.0084713319817962,1.0092996167066903,1.0129752833642467,-0.3400373369696048,1.4962,269600.0,176000.0,0.1607374392220421,0.1910603576610699,1066.0
2022-04-17,55.6,56.4,7.2,30.1,1.008259708320177,1.0090662396907435,1.0126535103053942,-0.1848895244041977,0.42,276500.0,178400.0,0.1607374392220421,0.1910603576610699,1066.0
2022-04-18,54.4,59.1,6.4,29.9,1.007014834733026,1.0076937448721983,1.0107630688809417,0.2727013641855936,2.0846,281400.0,169000.0,0.1607374392220421,0.1910603576610699,1066.0
2022-04-19,53.1,63.2,6.3,29.9,1.0061746447219229,1.006767421932605,1.0094871805260548,-0.0297388996598695,2.2038,269700.0,148000.0,0.1607374392220421,0.1910603576610699,1066.0
2022-04-20,53.7,60.6,8.8,29.9,1.005380845728566,1.0058922572235531,1.0082818195159575,0.260307298869368,1.9593,268500.0,141000.0,0.1607374392220421,0.1910603576610699,1066.0
2022-04-21,54.8,58.6,10.0,29.8,1.006892282358381,1.007558515633249,1.0105761760105352,0.2603285693688432,1.6393,261600.0,140800.0,0.1607374392220421,0.1910603576610699,1066.0
2022-04-22,52.9,64.8,10.9,29.7,1.0102990680620252,1.0113142488867783,1.015799914774837,0.1397336354010973,2.275,273900.0,145400.0,0.1607374392220421,0.1910603576610699,1066.0
2022-04-23,55.1,67.8,12.0,29.5,1.0084159112887126,1.0092381034366935,1.012965737945113,0.9872284622195114,2.3679,260000.0,154500.0,0.1607374392220421,0.1910603576610699,1066.0
2022-04-24,53.7,58.8,8.8,29.1,1.0081730226259604,1.008970271873128,1.0125829629361796,0.9303036516845336,2.7071,278500.0,165000.0,0.1607374392220421,0.1910603576610699,1066.0
2022-04-25,49.5,72.5,6.2,29.9,1.006699544664834,1.0073458227959844,1.0102821115666674,0.8043716898922321,2.5929,267300.0,142100.0,0.1607374392220421,0.1910603576610699,1066.0
2022-04-26,50.7,60.1,6.2,30.1,1.0054134481154982,1.0059279713102918,1.0083297148705368,0.4947302904100467,2.3143,229700.0,115500.0,0.1607374392220421,0.1910603576610699,1066.0
2022-04-27,48.2,64.4,6.9,30.3,1.004120165944526,1.00450221606916,1.0063665350696611,0.8023419509555269,1.4107,223800.0,108400.0,0.1607374392220421,0.1910603576610699,1066.0
2022-04-28,50.1,64.6,7.1,30.4,1.0049547742445335,1.005422279501759,1.007633211047604,1.0525209528366142,0.3964,244000.0,118100.0,0.1607374392220421,0.1910603576610699,1066.0
2022-05-01,53.0,70.7,6.8,30.1,1.0050609688772714,1.0055392640494163,1.007793802049228,1.1829557513668512,,,,0.1607374392220421,0.1910603576610699,1066.0
2022-05-02,54.5,72.0,3.1,30.1,1.0025565529672795,1.0027784044231232,1.0039927532646706,1.8023551644828,,,,0.1607374392220421,0.1910603576610699,1066.0
2022-05-03,54.9,75.9,5.1,30.1,1.0019675954986764,1.0021291390915137,1.0030988655124602,1.2413476073599423,,,,0.1607374392220421,0.1910603576610699,1066.0
2022-05-04,55.9,77.0,6.5,30.0,1.0001604250194054,1.000136931856344,1.0003561322594408,1.297435930840298,,,,0.1607374392220421,0.1910603576610699,1066.0
2022-05-05,57.2,68.4,5.7,30.1,1.0010575227790706,1.0011258827849412,1.001717646236857,1.6699427797862385,,,,0.1607374392220421,0.1910603576610699,1066.0
2022-05-06,59.5,68.1,8.9,30.2,1.0026614170782562,1.0028939925994398,1.0041518145338602,0.9969499226105264,,,,0.1607374392220421,0.1910603576610699,1066.0
2022-05-07,58.3,79.8,7.2,30.2,1.001796607454679,1.00194063503618,1.0028392987852894,1.2425502187726587,,,,0.1607374392220421,0.1910603576610699,1066.0
2022-05-08,56.5,63.5,7.6,30.3,1.001013869241975,1.0010777550797636,1.001651362409989,1.3619195337007128,,,,0.1607374392220421,0.1910603576610699,1066.0
2022-05-09,59.1,64.5,9.6,30.1,1.0002608875701122,1.0002476797218622,1.0005085962570075,1.8459811195300424,,,,0.1607374392220421,0.1910603576610699,1066.0
2022-05-10,60.6,68.3,12.1,29.9,0.9993582568529557,0.9992526332764798,0.9991387124954212,1.297237699541825,,,,0.1607374392220421,0.1910603576610699,1066.0
2022-05-11,56.3,80.8,12.6,29.8,0.999251361419798,0.9991347927211798,0.9989764773995812,1.0535016838543356,,,,0.1607374392220421,0.1910603576610699,1066.0
2022-05-12,55.8,67.3,11.3,30.0,0.9995193784885544,0.999430250633552,0.9993832350200704,1.4767144056853734,,,,0.1607374392220421,0.1910603576610699,1066.0
2022-05-13,58.6,64.4,13.6,30.0,1.0002903701622958,1.000280181238966,1.0005533431765348,1.236873970908747,,,,0.1607374392220421,0.1910603576610699,1066.0
2022-05-14,59.8,64.4,5.6,30.0,0.9995741305738216,0.9994906084438868,0.9994663294840508,1.0527567982427144,,,,0.1607374392220421,0.1910603576610699,1066.0
2022-05-15,59.8,77.0,7.4,29.9,0.9992641750987687,0.9991489170812676,0.998995915503934,1.6546709282359158,,,,0.1607374392220421,0.1910603576610699,1066.0
2022-05-16,61.4,77.3,11.0,29.9,0.9990701990436734,0.9989350793987468,0.9987015165630384,1.8876435563352416,,,,0.1607374392220421,0.1910603576610699,1066.0
2022-05-17,65.3,68.9,8.5,29.9,0.9988826897874716,0.9987283700756469,0.9984169282356884,1.3484744410628189,,,,0.1607374392220421,0.1910603576610699,1066.0
2022-05-18,63.6,60.9,9.3,30.0,0.9985496096416384,0.9983611839063224,0.9979114014146392,1.701864075707634,,,,0.1607374392220421,0.1910603576610699,1066.0
2022-05-19,63.0,65.1,7.7,30.0,0.9986724193526104,0.9984965663650732,0.9980977767133552,1.5809499139800014,,,,0.1607374392220421,0.1910603576610699,1066.0
2022-05-20,57.3,72.7,10.1,30.0,0.9991710229637096,0.9990462222650904,0.9988545055747868,1.4648311910936092,,,,0.1607374392220421,0.1910603576610699,1066.0
2022-05-21,59.4,63.1,9.2,30.0,0.999963163309202,0.9999194721495858,1.0000567470456032,1.3475497656647335,,,,0.1607374392220421,0.1910603576610699,1066.0
2022-05-22,62.3,61.3,6.2,29.8,0.9990100114708452,0.9990287758139942,0.9986101281969252,1.7475267014218172,,,,0.1607374392220421,0.1910603576610699,1066.0
2022-05-23,58.5,69.1,7.3,29.5,0.99904354987296,0.9989756890097036,0.998661023198646,1.1670654607536546,,,,0.1607374392220421,0.1910603576610699,1066.0
2022-05-24,55.9,72.9,9.2,29.6,0.9986738173493956,0.9984981034492652,0.9980998573711536,1.339606996598374,,,,0.1607374392220421,0.1910603576610699,1066.0
2022-05-25,56.8,73.8,14.2,29.8,0.9986448009051384,0.9984661139573248,0.9980558047803364,1.4538661779161917,,,,0.1607374392220421,0.1910603576610699,1066.0
2022-05-26,60.1,73.8,13.8,30.1,0.9991031327707516,0.9989713764277128,0.9987514297336112,1.2238259344537137,,,,0.1607374392220421,0.1910603576610699,1066.0
2022-05-27,61.1,58.6,9.3,30.1,0.999225928684272,0.9991067456238076,0.9989377987419304,1.109475293470493,,,,0.1607374392220421,0.1910603576610699,1066.0
2022-05-28,57.1,54.9,6.7,30.2,0.9991258426176518,0.9989964100989398,0.9988027698999256,1.2241435897554076,,,,0.1607374392220421,0.1910603576610699,1066.0
2022-05-29,54.0,55.5,6.3,30.0,0.9988306623077248,0.998850480700335,0.9983884874717798,1.8435399425116488,,,,0.1607374392220421,0.1910603576610699,1066.0
2022-05-30,50.6,79.4,7.1,29.8,0.9985830616773982,0.9984578364336508,0.9979620478291548,1.163312279747326,,,,0.1607374392220421,0.1910603576610699,1066.0
2022-05-31,52.9,80.7,6.8,29.8,0.998731260947588,0.998561420426334,0.9981869700379083,1.614266758562703,,,,0.1607374392220421,0.1910603576610699,1066.0
2022-06-01,55.8,67.1,4.8,29.9,0.9983992906321734,0.9981954532749154,0.9976830907596288,1.498769247033079,,,,0.1607374392220421,0.1910603576610699,1066.0
2022-06-02,59.3,62.4,5.8,30.0,0.998621885103712,0.9984408400889152,0.9980209309197622,1.4968932868838432,,,,0.1607374392220421,0.1910603576610699,1066.0
2022-06-03,63.0,60.0,8.8,30.0,0.9992308426838472,0.9991121568537732,0.9989452079296915,1.2194545191901869,,,,0.1607374392220421,0.1910603576610699,1066.0
2022-06-04,59.8,65.9,11.6,30.0,0.9996518716808638,0.999576301180074,0.9995842509265492,1.76958223871401,,,,0.1607374392220421,0.1910603576610699,1066.0
2022-06-05,55.1,90.1,5.0,29.9,0.9994290423201276,0.9993306524818122,0.9992460337880176,2.361150707497204,,,,0.1607374392220421,0.1910603576610699,1066.0
2022-06-06,57.8,85.2,7.8,29.9,0.9993525918548204,0.999246372532226,0.9991832424365992,1.9711018352052536,,,,0.1607374392220421,0.1910603576610699,1066.0
2022-06-07,61.4,74.4,7.2,29.8,0.9991192648227636,0.9989891503782912,0.9988262647817124,1.9092845480102407,,,,0.1607374392220421,0.1910603576610699,1066.0
2022-06-08,63.3,68.3,14.2,29.6,0.9990669674131354,0.9989314963573016,0.9986964517464972,1.424619814192655,,,,0.1607374392220421,0.1910603576610699,1066.0
2022-06-09,60.8,71.8,11.5,29.9,0.9994242676230256,0.9993253867749884,0.9992387730460932,1.7930149327665283,,,,0.1607374392220421,0.1910603576610699,1066.0
2022-06-10,65.4,66.1,12.4,30.0,0.9995810230694644,0.9994981951885682,0.9994767015826812,1.735604802712696,,,,0.1607374392220421,0.1910603576610699,1066.0
2022-06-11,63.2,63.4,11.9,30.1,0.9994553194977563,0.9993596179925536,0.999285900361289,1.5210034915337085,,,,0.1607374392220421,0.1910603576610699,1066.0
2022-06-12,62.0,58.8,10.5,30.1,,,,,,,,0.1607374392220421,0.1910603576610699,1066.0
2022-06-13,61.0,57.8,6.7,30.2,,,,,,,,0.1607374392220421,0.1910603576610699,1066.0
2022-06-14,64.5,55.8,6.5,30.1,,,,,,,,0.1607374392220421,0.1910603576610699,1066.0
2022-06-15,68.8,51.3,5.3,30.0,,,,,,,,0.1607374392220421,0.1910603576610699,1066.0
2022-06-16,71.5,47.9,6.1,30.1,,,,,,,,0.1607374392220421,0.1910603576610699,1066.0
2022-06-17,76.0,48.1,10.5,30.0,,,,,,,,0.1607374392220421,0.1910603576610699,1066.0
2022-06-18,65.0,73.5,7.8,29.9,,,,,,,,0.1607374392220421,0.1910603576610699,1066.0
2022-06-19,58.2,67.3,7.3,29.9,,,,,,,,0.1607374392220421,0.1910603576610699,1066.0
2022-06-20,62.4,56.4,7.3,30.0,,,,,,,,0.1607374392220421,0.1910603576610699,1066.0
2022-06-21,65.3,51.0,5.7,29.9,,,,,,,,0.1607374392220421,0.1910603576610699,1066.0
2022-06-22,68.6,51.6,7.2,29.8,,,,,,,,0.1607374392220421,0.1910603576610699,1066.0
2022-06-23,66.7,65.7,5.7,29.7,,,,,,,,0.1607374392220421,0.1910603576610699,1066.0
2022-06-24,64.1,70.2,12.2,29.6,,,,,,,,0.1607374392220421,0.1910603576610699,1066.0
2022-06-25,61.1,67.2,13.0,29.7,,,,,,,,0.1607374392220421,0.1910603576610699,1066.0
2022-06-26,61.6,58.1,13.0,29.8,,,,,,,,0.1607374392220421,0.1910603576610699,1066.0
2022-06-27,60.0,67.3,11.6,29.9,,,,,,,,0.1607374392220421,0.1910603576610699,1066.0
2022-06-28,61.7,61.5,11.8,29.9,,,,,,,,0.1607374392220421,0.1910603576610699,1066.0
2022-06-29,62.0,71.9,10.3,29.8,,,,,,,,0.1607374392220421,0.1910603576610699,1066.0
2022-06-30,60.3,70.4,8.3,29.8,,,,,,,,0.1607374392220421,0.1910603576610699,1066.0
